216
134	39	4.137452657190962	5.0979555338320415	3.072144085630391
80	164	4.677500226734835	5.430789970775507	5.957281705723136
44	166	1.5879408835867168	1.8680861279525423	0.7509686841088353
34	79	1.8508929969466674	3.9922199464130594	1.8242558675110405
1	103	5.172100222217412	5.013945499108541	2.1580795376713504
85	126	3.4811064802066465	3.00485336419003	3.2107702460705303
164	142	5.8698514537077	3.0821430447343445	5.319937743802114
204	103	5.530533655422123	2.548819987974646	4.485726124305113
147	143	2.715879048120832	4.310884843302182	3.1718978279101417
144	212	4.9663739266976075	5.338603947723296	0.7787391959437878
137	139	5.081520411755241	2.7869918180333424	4.421352841638403
72	183	2.0373169197020555	4.025782273804383	1.393565458353888
65	158	0.591679306661754	1.038819512991858	1.8506587483254573
192	125	2.648928086843887	0.7067532363446906	5.400156380503831
88	150	1.1057155742752325	2.5365130518279666	2.469750392350703
86	174	5.402313547238809	3.9210887654757034	2.712340147857572
136	205	6.155807537377371	3.1010362934445257	2.7578857900403193
96	199	2.058061230374516	0.23425542364918828	2.224763736791049
188	15	5.537555272888592	3.773720992223309	3.6722187413124394
17	195	0.8242006575579669	4.987895184520296	3.843198519453644
123	150	3.1855085849921982	2.151806741533125	0.598369962686359
120	182	2.2071823391281287	2.6649828126880717	5.550448975468131
127	135	6.066331902572141	0.3448515562944977	5.862786138140218
32	154	0.9083977176259143	3.102198842654377	5.758643056847763
40	98	4.076404233768538	1.9143497090848234	2.5646188874616995
145	76	3.6043623792413415	1.283343145133032	1.3174237381506826
130	68	1.649297500903146	3.8646996704208703	3.6044465705773807
188	29	4.814574840562879	3.938584499467739	5.010664185254504
178	159	2.0911235675899316	1.8563562879788331	4.819484228287389
138	106	0.5439284198067468	0.390051858808733	1.0592335607572803
177	139	5.627706056067437	2.5106278714418213	4.97317161059236
45	191	6.179672495337773	5.4189028084751305	3.6539239304772133
8	52	2.0136230979327796	1.580418900793014	0.8424174620553837
34	23	0.4026369231437389	0.06343449379135276	4.16560339774036
213	6	4.578360777709813	0.22390597514887406	1.7547973919822064
84	142	5.178497535368926	4.0131054164742865	0.1606661315844564
13	118	0.870664239039013	6.1761859306358575	4.343895949556348
184	186	5.0818416845514145	4.754025627572524	6.159266111079554
194	42	2.734312925225676	3.2397650128116235	6.099512749090729
66	134	2.573257989905545	4.9071993912855945	3.29335171303785
193	11	5.79328674920798	0.3620965947561942	1.6961863780580444
204	167	0.3440083155148479	5.403140084086656	1.2745934934249186
188	37	2.1445422753876073	3.9339237629856054	1.0455710403617582
97	10	2.9586399857360925	4.203283585928291	1.8497271197937595
171	21	0.556994906252008	4.540817312030292	5.523325660185678
88	185	5.959883182199071	6.071826397361442	3.6473981993132756
148	199	5.454354441951932	0.1936724821588278	0.7038315482571069
114	155	1.2967356879092187	2.6071157904687823	1.4328315962222817
112	25	0.32637951996001147	0.15907469947256894	5.880354188129157
74	54	0.25992931567348343	5.572100120182908	4.894561946470706
147	117	1.973567514510214	5.72373643034148	4.238791015905068
65	130	2.2299199432545325	3.746228365234814	4.034942823189767
193	29	0.434352031543486	2.9110373207530276	3.7673267177224012
122	163	1.9681224524754528	5.1873069728816015	1.9881911301700472
120	169	3.524892265066678	4.0100454286414555	1.9090153459254757
40	80	2.8623786564313742	5.891707915652443	5.449146522987875
153	211	1.7110508819056058	4.146075613867363	4.379450799588426
80	21	3.6203805561023406	5.155586161657717	1.4905592475319613
86	118	0.3907306633322507	3.0641975182783843	2.8609718073645456
194	198	2.9988048418285165	3.119454466315956	2.0116194708142063
208	175	5.448638206311066	2.9442558968483694	0.7032356934333991
136	131	4.989749619255461	4.025855678527282	4.272288876181911
184	115	2.139089083804404	2.200110813535274	5.2924171919242005
53	22	4.78353410876697	2.5591281855535355	0.12278856189903456
88	15	5.451949380711698	5.038646104232177	4.883838541948411
204	87	5.659434415621798	4.829227347892598	1.092271609296559
13	127	3.5312528781991035	3.580896973611842	2.435036792452514
146	142	1.9175677438244019	5.049738121186676	4.571924732590127
193	187	2.3800961091331994	6.211518143669745	1.606803063634231
120	9	5.1283579027052095	4.307472860037955	6.272871025650401
18	11	6.189940293651421	4.964893523784332	5.889001502998913
154	197	5.561693715622772	2.2477782445427126	1.7498511335679847
82	174	5.180356703681592	4.778073356341663	2.7761317436099855
113	178	0.2800008527069904	5.743209481744004	4.831454474160263
81	198	2.937144259399436	5.057392358921289	1.779128980680226
216	103	3.980075850794678	1.9768113998543622	2.6325008217199866
15	207	2.8150323988246484	3.113079262691513	6.202927171163485
27	102	0.457080854463815	5.875423731941558	1.0923582620064303
82	39	6.268547131303241	5.4941788076339595	4.682653487067852
105	122	6.12843274405122	1.5950396172826726	4.8640961970780205
211	31	1.2676760105385956	0.4787831008063931	4.747061046382994
75	134	5.923494383221765	0.7294276339136333	3.7165028852925444
67	189	5.024153257004689	2.2613341921461307	5.315063342991103
36	21	1.2101019806205142	2.8974246054663655	2.351171556547962
1	4	5.977638060829804	1.8354390871255764	2.5108439491608334
48	1	2.1289371589994115	5.420593921116557	3.040275913357151
48	202	4.1159728651961895	1.2748146285297002	5.383285803150813
160	118	5.10370415191275	2.8363557854437427	2.4848112656527586
149	118	2.951630920570958	2.5388505971794433	4.845072868955127
146	139	4.890704471100394	3.306533652993267	3.775123335364566
106	53	0.9998893538117729	2.421748829534785	2.8395958127853462
140	133	1.867721069739921	3.695346888351163	5.141214840129361
209	116	6.044141373712752	2.352858667663458	2.8319165443412957
201	45	2.1016632181295956	0.7601534521749626	3.7340901367244816
35	109	3.9198130638239155	5.911619305249609	1.8880346113182196
152	9	1.6003170684186974	2.5248332185055884	4.5314021103313875
48	187	0.8732304030312203	5.5988636911366445	4.615179510804463
155	166	5.75931586637935	4.893495019126498	4.968359418020288
178	109	1.5306897616764639	4.78201080422262	4.137945927355092
97	82	3.407122758001247	2.6029271089466786	4.270870972954322
153	61	1.4825495891516258	0.29708962274857315	5.044620790590236
116	14	6.184803685315445	3.903734766824002	5.8960448140838535
28	206	0.6946972187833237	5.2353239389066415	0.01355133352911216
125	46	3.7906306207319944	1.609271514801779	4.752331267149255
173	175	1.0959109994746001	1.8496202592068074	2.4718554369570995
209	79	2.707789219132324	1.635438594880668	1.6079838208569388
68	110	0.925024552439859	1.3020206139809454	0.05924064070435422
122	83	5.427908769698827	6.0681067115004845	5.765014352147781
195	125	4.378287700501214	3.2784320155792512	0.8218659646812475
112	135	1.142706104042553	3.6482414850822424	3.459723115491515
179	7	2.8640673493922506	5.500248284496485	3.379809396901021
142	118	3.0119981659293096	2.6944821211573693	0.12117435776391904
99	183	2.7083428500490943	4.112303153026941	1.9506366525868275
33	93	3.2709987436638652	2.6983770703916727	0.9703947919832744
171	180	1.845294212572238	0.28403592094035723	0.6021554359404494
118	134	4.042264138570385	4.307341701188385	0.32279477778923693
140	199	2.112844431499253	5.066291421425736	2.7842754450925082
156	213	5.34625605894758	5.18660891770828	2.3529742775226925
64	92	1.2703634114235942	0.7100511441742999	5.557106520930117
91	108	1.5420079945079566	3.664230011385623	3.9659679323978456
122	59	2.6973644764824165	3.07409515656759	2.88819254880373
20	14	1.3675980467686037	4.885685343140809	1.0271864324363933
185	182	2.340957117905497	1.7396372077912312	5.858358428084161
202	75	1.4499864754952503	2.601668258252543	4.710941103097606
28	157	2.8308979129432643	2.100479530949863	4.224726729147881
24	29	3.234849576886234	2.207224733411011	4.38018782560188
129	169	2.191181130937858	5.554156060583009	3.8827663440970084
8	164	2.029572050305827	4.150380229808193	1.81239288495097
194	100	0.1396377183747728	2.5150084398989967	0.6482385774725449
103	159	4.0847899916438655	0.10233577206424684	0.21377620677946085
149	23	0.7018123326142159	1.6112057843373269	2.004450845188767
173	103	1.1808727459336668	4.327578136159193	6.202559972833191
204	37	1.7851806445140184	2.346712788469595	4.5953737518458215
147	69	4.958733830005903	2.0252263789522544	5.4317737469960905
89	163	5.323961392790875	2.2092688586179565	0.5147892412385674
185	161	4.066066182822563	3.7791368798464924	1.3287969614328432
172	52	1.2531287834370886	3.711677090031577	2.3352472569612983
168	33	2.772260572692291	5.897389078969678	2.235638325802803
43	147	1.949033697709547	4.49181774097543	5.325951581377108
210	58	3.296702026359401	5.21104785109353	3.00913258065272
2	43	0.48547072062051966	3.7358560576224815	6.0426783533408095
75	188	5.025714343967389	4.176003128959054	6.1250541408561885
10	36	3.459716052917797	3.9072765663633846	3.3924162995866234
82	59	3.7998377677008968	5.941275879068602	1.3681914494041874
113	119	0.5287465446515625	5.199423457958668	5.223046073462485
204	206	4.584504080078641	4.989867472482464	6.025835318180568
73	45	5.522089683883635	3.491340965446889	3.2664733598205213
112	144	5.026188663323791	5.778174976807136	3.393578190969967
133	102	6.240226952628344	2.058657973701368	1.1969151350628873
25	30	0.5629195332402745	1.7464410115948252	1.1658054521931946
106	70	2.1490391199326173	0.7895626518392407	3.0884179187897147
141	214	1.3191634517510458	5.84553023861305	0.37873289604189475
115	142	0.6853774248775625	4.466181262530802	3.7482079534211117
146	117	5.857667435944765	0.294578736182452	3.212879645422342
146	148	4.4211346092253505	5.154259569831068	2.091439602656893
107	196	3.724823301546553	0.5584902276756815	4.298714969608902
56	75	0.9211519656338764	3.7564577103898467	6.265988996502553
49	156	0.2867505490376643	5.608446032590829	5.48125796232079
205	119	5.569444993145129	0.04993739145380877	3.2648860269800024
154	2	2.7713935621639805	1.4011919576647196	4.648327175524025
37	15	4.498174270278076	2.3094523915526874	2.8614515953614243
185	199	3.2362698684449502	5.035102416781383	4.828728763616364
125	38	6.271859277358706	5.701537789192435	2.130222266360883
160	62	1.8902505281768913	3.7404838147194344	2.9709901901522615
192	215	5.065687848238918	6.226183481257884	2.2116495231193336
172	85	3.7645912695988484	6.224512284253133	4.906439939742853
152	41	5.176084019942926	0.5411144889677437	0.6365651516272618
156	148	1.8719894306624356	2.4216929929858892	5.31596413913767
201	161	4.2596528320197695	2.476910799400026	2.234205813150529
16	77	1.4405695346121838	2.3642373112834396	5.066059890528397
204	124	2.5270211116199106	3.1383705722750594	5.089678192494492
172	102	4.812992713827408	1.8337099025467565	0.028620096737913363
40	39	3.6540458211492175	4.745352736046551	5.700570799106142
160	88	6.047154864608057	0.7635471855681755	4.402167557859133
137	156	3.313545101750377	2.7444046916614315	3.0832676954160747
89	18	1.0495419641931178	2.566523142129311	1.7236860491870356
128	202	5.0898813202318385	3.474042854092872	3.7847443514397896
124	142	3.420802522487153	2.004463974293574	3.7140976119183984
93	190	1.477682953976955	2.063149541798092	2.3945451330508063
212	191	1.8890256283072968	1.3236970583610053	5.156492008484201
75	60	0.45393464075109513	2.0875189923734077	0.5811252842654374
156	84	1.5191695426513934	1.2673671165044407	4.063748299248976
192	34	1.0340226406123383	4.916578514378601	0.9283747722985852
118	207	2.7563725284170495	0.6340569056078683	0.9415374298841256
43	198	5.665351342603749	3.119656292773594	5.65980208884314
153	4	2.3333597445362675	4.054971864215313	4.285664214628657
80	48	2.090698473146984	3.840082930313109	0.20395712312221562
102	135	4.641228238609185	5.609618306958068	2.4204687693052467
172	191	1.2821006673802582	0.5741663828312148	0.7464485749526755
52	199	4.0723471034749945	3.3633398095920106	5.120088313705925
49	77	3.795784495214895	2.324765020572549	0.17573981260104626
82	148	2.79490589422564	2.4232303665892765	1.2910108795339204
125	38	0.5301790931265964	2.0313010496107826	0.45036604210381087
172	23	2.6410873738414784	5.712066143315894	1.3834070267954945
144	113	5.992917617856525	4.7714840123432	6.015604990002001
28	197	3.103425811305487	1.4062560509532847	5.433492428709116
166	190	3.7270092442328306	2.108330951049657	3.429850328670148
97	4	1.4444771518941109	2.005828546983682	1.293837357845196
200	179	4.098829273665905	1.7756579836088093	2.5354457902329006
128	76	6.16743775094653	4.814626740292045	2.8636927167328357
120	105	5.529463240232736	1.0352310539559653	3.7129142957139236
120	2	4.476163687631028	5.234121407249804	1.8789157890594421
137	93	1.854229065865741	0.20886379939939576	0.10084072848689976
120	42	2.1738671906913165	2.246693299543729	2.228275024583365
96	14	6.092013586881534	4.8839689524510534	4.854578868569151
74	76	0.17600052779305822	1.1015998593666099	3.3094315272286097
8	188	4.245750966713866	0.4183235170540443	6.0041175390100365
192	190	1.501114157778887	0.6368481083806766	2.4841051971196153
181	102	3.6444886110697796	3.9610467113039247	1.2628631119546117
32	131	5.296933808900067	0.03385098580137386	0.31417184472234044
124	157	0.3283640523894107	5.461878725175736	0.7491398176420534
59	214	6.15804257467841	2.528382577917272	4.5143268373532015
80	182	0.8332755470788328	1.517081487864946	0.9588051221016022
56	86	2.0463379830803223	6.222120631957041	0.22792893241063164
209	110	5.48665636945721	5.525358761797362	4.952942048199686
106	79	5.037295735618659	1.0952481515116712	5.159614054751699
136	118	2.662864268390516	2.174220515581429	5.931767397410525
84	117	0.772678842219571	3.2600272015269325	3.8358821033243244
154	140	1.134779588948556	5.039732261095075	4.117153115351547
187	127	1.3448095464531225	1.2776493793983197	3.377959345246296
16	19	5.061401765882271	0.6760413049373815	2.317015674742369
125	150	4.110906982820433	3.2657482680997454	1.0082579257849682
137	67	3.085607812947315	0.04272209900140784	5.350655111522366
89	155	6.222042672371438	2.8805664691261095	3.9656476810792283
155	204	5.114028010699795	4.729694107633892	6.255295847714184
212	5	2.6023226096616923	4.042695354358599	1.9592721427859732
73	183	3.8563904616982065	5.1959032295119965	4.583984608627812
108	143	4.070870868851204	4.448125928034512	0.01203698230625253
88	81	5.265468085978	0.9439783542094726	4.978230936854212
116	159	5.114211304786466	2.896192095876933	2.9767482067113917
38	39	5.686748313447237	2.6912886338701143	0.6746258498070591
152	204	4.3866208884957025	1.3935816118713253	0.7344188227972718
189	142	5.297876578471835	3.6679327486506734	4.850979130887405
89	55	0.6218233751518467	4.149713057911229	2.7377660270633886
59	207	4.540017894037833	3.0274509985183826	1.1220443895307042
25	154	2.029244138916748	1.0711143159871745	5.960279166542777
212	36	5.525575846439754	3.7618739572789974	5.576817116617672
163	47	4.075422331148225	2.49761349089713	3.4741822808360814
99	159	2.741241097060844	0.5846891872345156	5.846352814943627
35	75	1.388564555908137	3.823313059854993	5.269171527965236
186	116	2.567394414512158	0.5454157983543124	5.453686884545623
187	189	4.032199195684507	0.5215491147638313	0.9795157603799683
216	61	5.576081976278731	0.010118227369493372	0.372119414338792
185	39	0.1039513653106703	4.011000067080329	5.352226179198331
121	25	5.889860186075414	5.567704221286007	4.6480948359407215
169	37	3.037946043307106	1.5828643500063533	4.783396994780807
17	127	4.348958957373473	4.694605234574092	5.8949973345403155
144	76	1.3097970635979412	4.223183800126836	0.697532414494116
19	107	1.787267598498336	3.728195618219762	3.6913738210834475
98	156	2.629513095478439	0.22184464092442666	6.244465847777896
138	196	3.4165264510689686	2.196999992255842	2.734852608612051
104	216	5.8340870188424665	5.92908143571034	0.07699186595920968
115	4	5.742304803467515	1.0185870237944352	0.0846995033346629
201	151	5.307367126589537	1.2232301209685172	2.671012644100635
187	174	2.326078016162236	2.528594284499659	4.9466087208196035
129	25	5.786105470983197	0.44681005733513096	0.06369169562984939
107	213	0.7771498662112657	5.391665198800241	3.6130212797358885
11	135	4.997756570818048	3.4873426149808866	1.7899482959479287
113	53	4.124182462157589	3.2521269379139603	0.7699564092699416
56	156	3.8349334445058214	0.3054122816520342	1.9068415335122777
137	215	5.227097083645258	5.701514447701843	4.011494115277574
24	189	4.237226187966982	5.152367575475902	0.5847202831419995
88	150	4.6236700718910875	2.8937894538058164	1.6152263326073886
80	27	4.9346112445675585	5.14054755177	0.532765103004638
59	53	2.898091211166969	3.744300020622299	4.849972807664263
176	45	1.4177992068709353	2.4505240351860405	1.3311007475616863
156	124	5.588842149261886	0.5879311809916795	5.275383928225668
17	214	2.9820795386978123	2.7311081096660534	3.3299305689598104
107	164	1.8037977296586307	0.10311501647176513	0.20080744073187867
66	95	5.131544322318352	3.075866828812914	2.8795621530574675
144	164	6.1022501330767795	2.7456077945750437	1.0072692080622883
27	157	6.098806088545158	3.1397483800850186	0.8740274847764047
29	63	3.599405596127784	6.1913909826419005	1.4170901457874185
108	118	6.11432750924322	2.247099061680706	1.3533954138627096
36	38	2.6764259407004465	4.059002586283236	2.213962134711449
97	14	2.8336152666061	5.792046666133425	1.0152476688377092
169	157	0.04462972795231711	5.923936015118264	5.929875860315735
133	182	4.588740697289535	1.0702964868336855	5.325824417992914
10	70	4.242627453983194	2.111319892445561	1.157836889010228
150	47	0.18142064665909158	4.524946632564807	5.820487836417835
162	30	0.09751045488089002	1.7558207690144871	3.560830016199203
90	150	1.6691513181870337	4.226683114664693	1.8434617626246943
59	99	5.452951802450055	5.976391659007063	0.12601002740425965
169	82	1.781491471698478	4.586653276227649	5.902831974313847
203	174	2.476248157988555	1.6430146986275345	5.073626631005563
120	168	3.894504554452738	5.012815614807708	5.04978863920003
114	78	1.3273495069449965	1.6870402472230424	5.8389532580651
149	103	3.469694698998056	2.442003661081395	4.137339045227059
52	198	3.7725926118065094	3.0440512109401525	3.446967809423031
171	76	3.4571927774608837	4.601403058067007	5.568870085430363
49	215	0.9317831944812973	2.9562749372470774	4.754300386488717
185	177	6.055077913220303	5.0804100066171305	6.235731307439829
128	212	2.5381742774593765	2.9378840860486113	4.557438102976002
201	103	4.724102388845363	4.420548965887797	4.368439637040352
48	184	6.0266076010502125	1.666229397748136	3.5236692581369558
168	97	1.4562185264496383	5.354977468215117	1.2945018143839622
113	198	4.54941326311536	5.692820776170111	5.446608782617779
26	42	0.6929079304530668	4.576115333536657	2.680510363395958
9	169	5.878565896629859	0.34369383898081446	0.3308171438586579
184	190	6.000667152925983	4.782577216374541	3.1060418406460824
62	134	5.8609323672508085	1.294122557726495	1.0970765482872047
184	27	4.796948376089755	4.226066593248613	1.011702691791637
100	28	1.809478299580092	4.245306281438632	4.941545814554926
170	29	1.128734702225513	3.428120132249956	2.8517512926549125
53	79	2.989803507624764	0.7538285019105266	3.244052910381753
10	31	3.3399226609364074	4.963228881710715	5.2414943603816315
27	187	2.954482502061374	4.889145804389926	0.4214083617834343
216	44	1.775026612832049	3.218505924908836	0.5639784108336124
198	63	4.343650818919503	0.24255276746400228	4.1427661572106045
211	70	1.0759535858784601	4.19490766685461	2.6315971574458956
30	87	2.6733234534804886	4.5342512965256185	2.6308528121492203
202	30	0.44052896961246635	0.19643754092826818	6.007240786050563
35	6	1.3272383098140554	5.5312383909821135	1.1678036095526612
63	175	5.44397028346079	5.80156362920448	2.6249440515528835
210	69	1.2410451961267108	0.860707224946853	4.353170793258797
137	38	4.4946917620911675	5.760529105872859	4.491969586146762
201	31	0.3810680151864403	0.3635430349383096	3.8439911869229775
192	107	1.0415577696618366	3.869788551331465	6.281082680130505
192	114	5.150879280304092	0.7012338117307959	4.975176509768467
61	70	6.136478610050186	4.402443921273902	3.417855569884551
5	135	5.10141797050491	5.341624704967714	4.105560085360746
122	189	2.740133989663563	1.1768600980540358	1.0883842088410214
196	36	6.128329441448869	1.9508723826538752	1.046903927354664
208	58	1.067837451056581	6.003072149860927	4.869774010534758
57	210	2.3634441574209335	0.6573695591093313	4.796199313155478
138	77	5.06548146352393	3.356480322982334	1.6378573483447572
121	103	6.08767818387957	6.019794383460535	0.8955662927672711
207	175	0.6284681839031273	2.0109692031856037	4.039635145219931
68	206	3.1463221218970614	3.767530771240323	5.554292611138264
24	100	0.609341962343817	4.196828091761578	4.567664504020804
19	108	4.891063662440092	1.6290659181445397	1.061568668588132
25	155	4.304863676554835	4.047593992321319	0.7698604830274554
162	156	2.701829688331378	2.2064198386495075	4.997952318767288
202	179	2.173939993696903	1.4728876433717746	2.098420330457474
45	173	1.3220955364033364	0.42849161421309906	5.415154114754184
116	110	4.616069141819978	5.0027483572800895	4.263098119221415
112	159	2.86664483645296	6.045507632456817	1.944062105727994
60	181	3.4628258949421356	5.530483846846743	4.990836942470794
78	135	3.899787002576329	2.6757957627585096	2.4614130163867056
130	26	2.8168286695504627	4.9610201695540175	0.43238530102446454
201	149	2.6582810591696737	2.467188074244041	4.475779886588496
28	21	3.7383254032657725	6.045430579912888	5.761508923779304
128	24	2.844751956849641	1.294743882743698	5.7692267313477625
153	37	5.417290325756005	4.82231682411227	5.9053522868303805
200	216	5.237407474421421	5.731674632051793	3.043463367939915
155	148	1.627222217620272	2.54325556224072	1.3033269621895485
34	187	1.6081228228304647	1.105705893882241	2.1779292345708194
21	79	0.13139624246266293	0.7202059997777965	0.14183006630248804
129	165	3.505040589774518	1.2305567498744792	1.6119501243111594
168	142	5.772194422454952	3.9828233621525264	6.171883198128759
186	180	3.5593095695633825	2.3696342740546976	4.246287595641547
216	206	3.756344550380053	3.559106142423772	3.559326055010322
137	63	2.395821928057149	5.950930596385357	4.216827824470624
116	23	0.9212282061402782	3.588804331841822	5.753781685916517
152	95	4.619902873103569	2.6467512872892915	4.001391266965691
124	62	5.474157124893697	4.8700489990445535	3.9063013055024687
78	7	2.6780867325690974	2.6804846219007565	1.349302907729537
192	63	0.33528850404995936	2.8081608283187	0.3550344420145205
190	198	0.401923940141694	5.497225375132131	0.04012778169685915
216	140	4.277009684771199	1.7347554191850187	5.274842846646437
145	44	1.4902630744219585	0.6861817286488557	3.0190107183927157
33	124	2.3250661518644606	1.475865572534132	0.22753193340682398
178	31	3.321643880388385	4.341234024776319	3.351512711823463
126	15	4.1446728653820015	3.2870526549328227	2.9579332077658242
82	76	3.159487070180555	3.6011313665804527	4.061770990914246
200	179	5.092171043009671	0.00610820298236407	1.253329327505764
42	157	4.7820724083357815	2.56028835406701	0.052854837059451425
25	53	4.381153043001864	0.37652857313833826	6.06071967156782
184	22	3.030315250724736	0.40554858296648943	0.7443193424839502
50	163	0.17796319166246977	0.6357692510844252	5.371845929326056
205	23	0.8511310238872511	5.854341148535976	3.1858562255814604
93	207	2.819461910439557	4.5854818818962855	4.171413740066589
204	87	2.049669904969055	3.1478287207743736	3.731257675945178
188	150	3.26683961726611	5.869633217573068	1.729927653078866
141	126	0.4004653215937831	5.478715864892245	3.737578498492231
27	148	2.620211930185371	1.415555507944876	2.5599426157596703
145	94	5.066177110235731	2.393091677671147	4.127901712126182
49	95	1.5071009285549941	1.6971473978650309	0.4586745212983161
49	186	1.5004550953139915	2.2872550955333986	1.033443021149039
72	82	2.772855602538143	5.757458480216371	0.07026314802181204
172	118	1.3748091016546486	4.358156656576741	4.441096461900576
73	19	1.228449421317936	5.112946059668028	6.1153384794614505
192	166	0.3507633658847925	4.419412576310711	3.917487384247377
64	42	6.018428533824498	3.5408779631490948	1.934177951322546
57	187	4.887643028265195	4.444067020395761	2.964541616046279
88	133	3.2160375911593713	2.9436730059544582	5.853050390437837
89	39	0.5064124447739429	3.116417822268879	0.48530104902832577
169	122	3.0519141782139676	1.4398058905387294	3.445196795480554
169	180	1.591260435590676	1.5690065583800454	2.504064323138927
153	169	3.4970635175671263	1.9925623307317808	3.2698018654702126
188	38	3.4872451398424347	0.5824762410014976	0.7669887662463898
107	69	5.682429224037073	4.903087009126738	5.7610200533553035
80	163	0.9092182794342876	1.670704906715947	5.659299676255213
154	135	4.305727871754122	4.197586299919536	0.2576645461435158
144	3	5.632943490150775	2.637504011249082	0.4835970702442729
72	176	0.31029147884101604	3.9614964819142426	1.9095931803908535
83	92	4.846962321424026	3.566046588873638	4.452619722148515
153	148	2.436797900459029	5.189247708922883	4.448823823562722
97	209	2.8970305736316964	2.1255479737299017	4.177921543144671
88	177	0.7428176270941117	3.893707246666627	5.926841966644844
65	29	2.799151720254078	5.85297003572497	6.187451940749621
216	165	3.7121136683718055	1.2197042864435028	5.443294457156285
41	67	5.253351941859717	4.415242614481134	4.00101321741165
50	45	0.5786907596752895	1.958536490516859	5.444879724075158
212	191	2.1141133520504836	2.64764715113307	5.040362638043741
126	142	3.9426541378578612	1.7026344610743227	2.237657974008272
200	58	0.19977830091017634	4.046350446981319	1.6929026878067732
178	28	4.586434585814618	4.164175642768819	0.4453026750660042
66	212	1.9164988228828863	3.5899862940785763	5.140262428546264
21	7	4.529487842569867	6.1586436815636425	1.1141633353320477
3	93	6.211240337720072	0.8097176205412272	3.5979214329321483
133	198	5.700883405467415	1.4732753290806944	6.133218863641571
56	65	3.9395178654636953	2.5316845332747895	4.149151095333237
152	3	5.247187438138783	3.7669904394672815	2.5246216673334794
9	85	5.6732452627865735	0.26545372555069147	2.1369997752567635
144	110	4.325982967210724	1.87256050013763	1.1162496756316929
188	76	5.096682204893077	1.7847416422615443	0.9504182180907095
26	150	3.155820847640323	4.470557471900644	5.422233631689371
195	140	2.808837521397042	0.535314026055469	3.892675821621496
162	110	6.039248948490844	0.2055128826946753	4.622641337592796
192	147	2.982023827583919	3.4212766136092405	1.7379851867991514
67	131	5.160700084649874	5.656355485726871	4.483920359719307
97	20	0.7173303123296152	3.2956769089377236	4.357769892188686
169	78	0.3892483208639063	0.7277489423379736	2.4164395954982503
5	207	2.954987286657929	4.128730706552225	2.745543098941308
43	84	3.640716884139048	3.2472079712005075	0.12324834101284673
43	116	5.516071023854624	5.863466777438657	1.204661637246627
97	116	1.5115283462967386	1.9973095537374095	1.649441533305821
35	75	4.621420374821905	2.150470213510969	4.850079809287128
112	59	0.5145830226130811	1.9772215283347772	3.889868794957176
182	158	2.898976231710584	4.391613615236747	2.3412232676645326
112	147	5.8346044480210555	4.069990547223502	0.6434666004241383
180	182	2.1565729534195026	5.4064597170847275	1.075763417871771
50	6	3.9706688525609017	1.486624528350856	4.981222895410662
56	54	2.604182460310218	5.238134565218157	0.4730825087062249
132	206	1.9888493140983035	2.0879964474470407	5.378784130754496
200	61	0.5786320869361098	0.1681620138310866	1.2186036184974256
33	167	1.0229067381600692	0.9135079781986299	5.16716848095992
138	156	2.618677388237629	1.7619702069464946	3.8975673994054354
139	134	5.618943615198039	2.447397053534695	5.39269600746757
185	90	3.5772283525567596	2.8053097826677593	4.647077573217275
67	174	3.003090638199072	3.8340962846812228	4.741254241517308
203	109	2.4680908068691116	2.7644246874721476	5.437982423842111
106	154	0.4195400581948281	2.8386526709233983	0.7287139996913082
88	42	5.2029318789230485	2.6524200862225884	3.5731524083830295
94	55	2.0411528147945903	1.3846162442397367	3.9608999418310185
178	60	5.632511124339251	0.5099379180063851	1.4279997209435176
161	162	0.7946272678396618	4.85822983260442	4.01043305165426
132	46	2.8055764430025225	5.734669143616303	4.633315392003866
146	211	4.57095284078653	0.22619269911922302	1.5475868472309668
8	110	5.006866338388522	1.9260271127957245	6.145406955870958
57	179	5.581197777471297	2.764318816211854	3.0308379711343556
8	75	4.722899539955675	0.3037238527351697	1.6968226954464
85	38	6.096257130621358	1.1773363076385237	4.821719732006039
48	191	2.9222364086463086	3.0967763759558875	1.4158098842511277
48	104	5.309391156012175	1.8502425981007051	1.567959650470442
108	135	5.451975540802144	4.831732855662723	0.5202774580101858
115	158	1.2912850941035579	3.6190028562692014	0.4992151020205436
72	140	5.259951630360879	6.158943743807572	3.194040467908399
152	194	3.0053946414963386	1.210294470052583	4.624130015205849
213	86	0.9009968980773222	3.928941840141739	5.246325614945375
170	125	3.6422736618473044	1.8615599725778544	5.4431830923054685
77	70	5.97266927437523	5.889355692510035	5.659898902327973
88	74	1.222169192719303	2.817005644434489	2.534576884662976
2	158	3.6143459301523966	2.775471189359561	4.973856006587338
149	78	2.1912731743182787	4.311537959813477	5.8927505492377055
209	4	2.345837810989634	1.6438877521008168	0.9716687628507555
10	90	0.5887061852188126	4.9674473463498146	0.5523062426593757
82	117	6.263170443160347	5.33260380480157	3.814673101983782
25	70	3.1084670089828794	1.1354186772826764	2.647983006821545
80	77	4.855097892699023	6.234293683008882	4.736702173831594
42	190	3.9346251320829695	1.9425264550806804	5.562951426735655
123	85	0.7922841517103775	1.9674379845105132	3.6491478337470546
148	100	3.4349300474615556	4.615837388992597	0.620232892730767
209	174	4.963369344603444	2.635223347960654	5.1114306532594815
98	87	2.2834573637120683	4.849815917926286	1.8000199264197478
89	74	2.789389070092092	6.184858576608225	6.010920880589093
84	174	1.179074879441611	1.4281627487468136	3.222806007240748
153	61	1.9170618265208192	5.637834758147177	1.1212832322312678
124	28	2.189661730831169	0.05043542708710162	0.6932411718280859
163	79	6.093972445158864	5.384714517495934	2.1021438021506054
59	86	3.844279685260165	0.04126028567650286	3.7114736313261516
178	151	2.0300441861402656	2.632511734727697	5.2911838256177575
160	98	3.623901917699231	1.4641357739239607	2.863480626294738
89	38	2.7616541314541703	0.9758070042108714	3.7371113701630176
192	39	4.358236217075692	4.640634899453056	4.4486742042969105
107	141	5.157294174639305	1.814992634249457	3.0835732095383626
185	69	1.5950395438512142	5.545423224342525	1.3623142522251244
51	53	2.0305324869719117	2.2869803933414925	2.033492301613474
75	79	5.1974170733223435	4.782752654453621	5.162105127105309
104	178	0.2360362216043452	5.0712755367284155	3.1406998264212462
75	21	0.672030831058667	0.805861993982131	2.3527103475645372
169	186	1.0137807686927056	0.6362880466978039	2.9610426458049965
8	140	5.5578592465707075	4.218264181866211	0.53835553472287
108	101	3.0963143813785603	5.136363371289172	1.9107400896232765
162	156	5.536756181113702	5.916337533217498	2.260832095286865
216	42	3.443794431708696	0.021975479107199707	2.0082916748559243
137	210	5.14864785163264	2.810058427332167	2.7251452813396617
168	203	5.21863861081969	3.1064867937071443	2.1300792918642135
132	68	1.41908832472449	0.5448706281063065	1.0474798211742367
91	61	1.383577827152169	3.6013444660952088	2.3036174482663982
80	47	5.281153314374343	5.319246606978839	0.5325580610406074
86	15	2.213697283835628	4.217886656973528	2.0363512998359234
34	60	2.4205600447639943	5.4716758574865025	3.7412535336245307
210	50	1.4575350376209828	5.98610238967767	3.6113201355521203
124	61	0.17071628709744227	0.4768450643421945	1.8106155013867953
72	213	2.954495922239391	1.076507019856174	5.829484500746739
201	206	2.187988321218287	0.15172431405559794	2.037509498258447
114	142	5.3062421979047345	3.8945746072613505	1.348852246686532
81	158	0.3325006058009856	1.3399050650947852	3.240376332548144
8	63	2.0883819814643982	0.39731042580682163	1.324451499822169
202	134	1.7725413807448664	5.772214032713275	3.0547169863072816
42	197	0.8365388781848959	1.0012741357917785	2.5324842050902743
80	170	2.2426736692121096	6.065503913779551	5.392940729745836
127	63	0.5165227475971117	5.113997725180682	5.99749052004665
177	119	2.071876915168097	0.18869058380413511	5.826446773214979
56	174	4.625922698318942	0.5592278711739495	5.509583689126438
178	30	0.4790686169268867	2.8084869611336405	5.796463269497421
137	198	1.3222385771875296	3.8087288811028865	3.696657732690325
65	156	4.946746128779481	0.09041543810940263	1.4147711858156242
25	190	1.1985128262536364	1.5061620697459008	3.380669263732931
9	27	2.6521760741715203	5.263187535841463	4.235720932050593
153	51	4.212611255775929	5.841048821905199	3.1774768376377027
60	159	3.5825982312755174	5.383405998491909	4.472452873192391
74	68	1.942990308637387	0.29082711558814683	4.1839599721027
67	55	6.0137667335476	1.4931798992728345	5.5564180675443575
160	171	0.5026752179150749	0.5211411939936911	1.1172735466010624
105	203	5.436721640950899	1.2585143651330306	2.581951086370146
154	23	6.044463225666526	1.4869082963518396	0.747397759522762
192	119	4.635677017885506	1.0887444713105725	1.5247833592745148
198	158	6.116346904804168	2.4965710407801645	6.067542115115271
73	62	5.7443222228215705	2.1499064289673058	0.5265531265294988
208	37	2.4721432168859536	2.5566531982030454	5.149357544243968
184	156	2.1245653537489377	2.81750778955273	4.944640606428786
216	113	3.8127555198250644	1.0605185901500453	6.2097466561074315
98	66	3.3564182240793614	4.209026053787148	2.225889287859796
56	190	4.879932609068848	4.431682659867364	1.045402005690107
78	87	1.0279886008445898	0.6423085444024799	6.096655769265436
153	214	5.385029058547616	0.48904773104676386	3.0064790252119633
216	29	2.6579936429439597	4.071411109427834	5.023379086621575
75	23	2.9703579125707162	2.2499943424002495	0.31426233442604457
209	82	1.0457092945065867	3.515659005432086	4.865527975210913
100	92	2.1993719656324346	3.664124463693252	5.6297160575288165
185	180	3.133339776569884	3.284720581129687	5.835291235071562
106	12	0.8927998460275077	0.2993123267029374	0.19089611442324123
19	6	1.7953583281212062	5.485031909339853	6.132794249849142
32	189	1.5317944806829198	6.256411390166894	4.452494340514296
176	101	4.430676500490419	5.790274198279267	4.811871875926975
144	8	1.6127709900975111	6.067383239502497	2.4508994112773053
153	39	0.455660328161822	4.153132333208205	3.5370867345745314
82	19	3.2302335745475386	5.605271960858414	4.6904285208160506
18	207	0.5183293185052052	3.7839833519864756	3.603661692031555
8	178	3.7119087438000244	1.2435123372724997	3.776411604544598
139	205	3.7750360500506597	3.0241576134570245	5.906219526396693
11	71	1.7050366471993446	5.345420803739197	1.1592540971119936
2	98	4.572436978414572	5.341454216357958	0.21228417563986512
91	28	6.083904713026397	1.126441839700111	1.8473522887409515
96	99	1.0099492404977448	2.497215973800306	0.2044096737710758
211	13	1.7611466428169027	1.3035754803876878	0.3535639055159639
50	133	0.8689381914527768	2.9744206228993035	5.659071097069227
66	166	5.4339009302529835	1.7927684198209868	5.8470726189495945
107	207	3.544236760571985	1.6804979552948733	0.6318638069278607
194	189	6.078854532888579	4.754481373859345	5.624372880153171
56	148	0.34322091062433235	4.442114087558442	2.891890194314419
114	53	1.0166278176671866	5.267869529580877	6.209523158538257
197	134	2.20725693579738	5.605680804506165	4.776600160515289
3	6	6.1614616649498215	3.219514689224304	4.451994557463607
177	43	0.07007401488928779	4.645502539507571	1.5843896665472772
160	205	1.6722352055338334	4.756488436759034	5.796563482034966
171	45	1.609217125356129	0.8076568452256981	3.1487774151040773
172	70	3.6496783469272938	5.857892451577306	0.4611156643412864
88	39	3.064163836413232	3.871413647973396	5.5168193749217425
65	67	3.5975955232337555	3.2955682720153434	0.4223479652488867
142	158	1.1689672775188118	0.3495029710627091	0.40177065197291695
187	171	3.499687079435547	3.2566642555012844	2.6372707366853656
144	16	0.6870754322276482	0.4692404715475087	3.697979121892149
136	125	0.976639311757362	4.346302598043235	0.10053253206264728
104	54	2.402335190556939	2.489039629224399	2.3707857867828044
75	173	3.7303099904389136	5.8806412720176535	0.18815802630995596
1	161	6.240524851824384	2.5064257816531157	5.114854137836829
51	61	6.234162887471916	0.48317271400692763	0.9305443042194999
74	167	5.2118185022970485	3.0145742401969695	3.6631897383642777
133	165	5.951562600013624	2.9194099859298355	0.3480230550120879
152	70	3.5793572081188345	2.3352385455554954	5.91829417085401
180	61	3.3278267894336007	3.732313132197791	0.1485215079122356
56	3	3.9992970030339206	6.162384223202069	0.2318189896356499
192	15	5.277185289317067	0.6444809659982393	5.510004058875177
78	14	0.5371023196567866	3.8160879602070614	6.270260352473881
184	90	3.704514716203328	2.9078060655343614	5.376406071608946
99	205	1.4370082059365512	5.091359935198205	4.065036289425013
160	10	1.483764697810015	3.9998560697801997	0.4987800613785099
67	70	0.12087347461988135	5.050657617583511	2.8135122212673673
25	2	1.6677662276726362	3.1971409706765215	6.219314412902238
51	109	2.5994182148725073	0.19755959117362845	5.918492166110444
189	22	2.027074481749183	0.32199278921823155	4.596988648431747
104	202	2.655085632497334	3.791176677901252	1.5200161461784898
41	202	0.6421788891855934	2.0850746702680474	3.173557668236639
162	29	3.356231562194983	0.8576904716124859	5.7465879862582945
104	82	3.9646840054774004	0.7093710805386064	3.1916513705316176
213	135	4.1324785969731455	2.7974972184391556	5.8517406688002565
123	199	1.1386648726826527	5.570328537118843	0.2815264950378667
120	62	1.2535494854524685	1.5690178533685502	5.704744723189954
106	158	0.8072368514388765	3.5292700987569887	1.8847804456567283
74	115	1.1597194652110292	2.9532248845073785	0.8895825164384168
8	78	0.5423119149136659	5.2268495348642325	5.145014795919268
1	102	5.90144465016112	1.9579278467715182	4.971704946579445
202	62	1.1498594070393469	4.716293477987553	0.7754673496356035
139	46	3.669588773879806	4.309879691710898	5.462786582494602
124	60	3.382738154949883	0.8096948618667896	0.4870013642900433
50	183	3.6025647079285137	1.5325233697107168	3.5560146278763427
61	23	0.8399750093268065	2.756727948589089	4.571054227513403
112	161	2.599996429225542	2.9587086823914883	1.274173568677515
65	85	2.533133398199135	1.725738343356375	5.8575768242987944
25	183	0.44584759496796206	3.7792182945387784	2.6224229047434053
34	205	1.2024440325229977	2.624551495030807	3.8753284878342082
171	36	6.213162407889834	5.835407253322057	2.3099447745220782
170	124	1.5000454493159303	1.8966383883414444	3.5431825461860966
150	86	5.618660549335411	4.769106311133297	3.2757386162230375
206	127	6.092121933903324	3.050969733351423	5.99383278237621
9	158	4.058375258855654	3.9248082034892744	5.283928249872979
19	92	0.6404827272301618	0.9361176578573484	2.655970779023478
128	159	4.367386563488555	4.78813789905044	3.6718989162529665
123	142	4.586922824639724	2.545789806254828	5.025747653550797
201	215	2.2596682806542856	4.400025601515994	1.5771250052191028
88	183	6.179339638603249	1.4109586858473908	2.9430730143653228
130	14	3.348482807973368	3.2756906552358855	1.769450118023746
34	140	5.013478259883311	2.6184734151080558	1.3154119454545066
161	178	4.316116592200092	4.028850488971841	5.691761264877099
210	158	3.0258839730097735	5.7294224801304265	4.119292244772923
116	132	0.5829782981211367	2.368703260517072	4.706429887525858
13	215	0.7955098909229507	2.1045758822861442	5.774518828790094
170	183	4.470586131657794	3.165647258049193	1.5270312462787239
1	49	4.867521266014054	0.47790189545674416	4.896905044082583
114	138	5.875293902494387	3.941942450505937	3.3971670747812786
8	163	5.708261180797541	0.03570084536900959	0.680853071373021
210	138	1.3750453537847391	5.335668327572759	1.46566954698245
172	119	0.11516913261069843	3.3626084780134256	4.76128378801628
65	71	1.2135301777422325	2.6731533583850884	2.4267630356134857
178	38	4.1390461192296595	5.660805197879855	5.303148748454249
153	111	0.3756118212793159	3.4701977831435062	5.20490888622825
128	121	0.2941724521617508	1.9685829082348767	1.2886442662540027
162	167	1.3569525183306235	3.9630314122142396	1.3216761574953573
122	23	0.40448516017823927	3.086964373167587	4.341929255804634
41	106	4.235870188300144	4.842701362901217	3.2908259784014877
17	180	6.233704589838557	2.854132455486469	2.991441841081284
73	146	2.3184270398323554	4.408638905705832	5.120676919319259
185	145	1.043282850156683	2.7640198454786757	0.881517873764391
203	60	2.701199759678041	5.562838698498024	3.668643341980584
144	47	5.654053007471617	5.921039355646754	5.674111186000596
81	194	0.9250707826379297	1.419653515689223	2.150280831515448
109	79	5.414948711027253	0.6659626053487998	0.5250637037878914
147	207	4.282773536015067	5.125056342280368	3.9808919797034075
196	60	4.704671796891084	3.5154143188417466	2.350704376482053
16	49	3.613302483163015	1.0945445196075438	1.5255833472532059
54	143	4.713417623629671	5.638630202824037	5.755038516482897
153	173	3.5574522924347267	1.7135557514965674	0.9665717949993564
41	7	1.0999270798249459	4.633920182088954	1.4627832620826478
174	55	5.896085006327023	5.896767639088766	5.6367504480373976
152	187	1.8776333459568613	1.9921563524414037	1.4352934988680845
164	6	3.5540298816130433	0.5417912215303465	3.8609961119506355
140	188	3.6633373655623287	1.99072020040215	3.527976961158226
208	17	5.628137675877633	2.1981363251843224	0.8796724078823731
42	36	5.964002005777797	2.125230655601761	3.4306226825690107
196	111	5.702732075454742	2.6141376378558467	2.240878625014538
216	36	4.19445994112943	6.054685141573585	2.3434602857984244
208	174	0.8196248291235995	1.1247173672663746	4.940946351762001
120	143	0.6807539078937768	5.828829154360286	1.6965490258779998
66	151	5.017811978909408	4.01366529890094	0.3311085672653755
192	27	0.1749044581442433	5.969045679185731	0.7312527480912511
76	214	2.678784870905944	1.8667548963965364	5.79253431344474
38	63	4.59305972590323	2.2451628184865675	2.559460048567229
32	196	1.382038083027149	5.7287020518812914	2.1161869573012577
148	174	0.42261491393153416	4.710109182462825	1.7387874530123049
57	163	2.705178861347993	0.5180868131376005	5.143789073235956
202	62	6.1057670943985265	0.45949687087176727	3.610117936087165
215	199	1.3434017130478635	2.6965803207461865	4.409537808323129
210	102	4.384758094137155	3.768784833926826	5.292291825313095
163	77	4.496268771487205	0.7929141632644096	0.699259159404231
145	69	4.119043748578354	4.029844848328226	0.7333066518626837
176	199	5.907264009732531	5.546087461031487	2.519001648551439
64	123	2.805783969523907	1.288204621704245	4.601195150608026
8	116	2.0629268471973274	0.45045039906926815	0.41661012001006237
24	172	1.241775559765056	2.9308745317845366	0.8933333048583397
89	105	3.6924281763853277	5.6353769544461345	6.092590203787252
81	86	1.770684661982313	5.070662620342163	1.6152092123567725
56	206	3.1655488441887876	3.6401333128173703	3.989695149359853
34	79	5.73633983949245	4.0503719550084565	3.0392882508300385
34	4	3.197638644864718	6.083018195666476	0.7076567662566655
81	77	5.381290926960903	0.11186753945694718	1.2355811952186617
112	129	2.6871608066882713	5.222976282006121	2.4920199916123003
146	190	0.5243606641319729	6.22495566903321	2.827936800265408
131	188	5.205707547717887	2.072782707562507	1.175645087974647
145	90	4.091100826171118	4.671300691327543	1.440752418019216
19	157	3.1785664312388993	1.3678497046251081	4.497347011087262
100	68	2.640664417923858	1.0021781390684912	2.2733472072690146
43	125	2.9477946243829236	3.5968899852731218	2.0507719844930254
2	206	1.6997900461135296	4.105954501924209	3.3443484840040947
137	92	1.0081423097336288	5.83780434923953	2.5902934760191743
192	14	4.587043194025017	0.015104750926706175	1.3031545224051384
113	132	2.285552511485862	5.818631684846403	4.960442318268823
133	39	3.770529868116436	6.184605414361896	1.792468939869071
88	155	5.846532758916257	6.088939392637384	1.360134026177533
31	143	1.1343187073569558	2.449579146296969	5.514885995166379
16	183	3.3033771124673375	0.7211994442303186	4.329534685018234
184	156	3.79555864273551	0.05580421204628632	2.419028301726161
28	5	0.9509627280836915	4.274043362509918	0.4403448823169246
50	155	1.2682231050604473	2.312979678252219	1.3005107730153584
75	203	3.7323972903662943	0.8749238734487637	1.1503558546655999
182	86	3.7486702123680744	0.4199491661180285	5.284429178855408
156	61	2.4552153745074223	6.141944324750165	2.1390241901212987
35	47	3.7164594516108274	4.711322194886456	1.1522707955881064
21	135	0.11570306727215914	2.9765967526443204	0.7077841027530695
83	87	3.5974719501817143	2.833977081333655	4.1537345974284445
33	131	3.402677981030327	2.8239361114934383	0.5076659253686194
89	164	0.9131192422702982	3.855577032093524	2.351669771819681
21	102	3.890874283166372	3.987053942056175	3.1749492300794437
187	142	0.15062331027689774	4.491898458940127	1.347347909526194
52	85	3.855131978866555	3.8947771945857537	2.329642619780566
136	179	2.670242069692793	2.090833425681721	4.330774897076746
26	4	0.16716304595432258	0.9918112103822153	2.067409265368219
146	69	2.8323458784037636	5.642672054293159	4.122815059168613
156	85	5.706233762251686	4.057898045498752	4.789975924019634
34	203	1.477730262285232	0.6452662977637967	5.327086901894532
202	205	4.6774298871074524	0.8753263227485385	2.7117383740269267
176	28	0.5798441870310594	3.921122858736709	0.21502722559302362
37	143	5.21475143459107	1.8623231177113317	0.7755385843082034
176	83	3.765185683843548	3.5586774207633605	3.9290196622466347
88	3	5.1199734492951965	0.9569842960051602	2.4422860185181285
146	7	4.444528440947862	0.9073952970736061	4.956530213647499
112	145	3.532672839012044	1.8913102731120341	2.9014112376903505
73	155	5.735274804638155	5.723555447063174	5.89633291788844
192	43	0.5019245605406992	1.9809258975162778	0.6100266459892919
105	139	1.096113823156143	1.2966228062835699	5.301390973523867
123	172	5.795760888775474	1.7029464176191356	3.5394211479904287
177	142	4.7194789298030955	5.79193833599238	4.012104125351872
18	164	2.6843109025830163	1.7645441795064443	5.100290278421662
106	2	2.547859775182761	3.1332955202687343	3.9784790120166966
82	115	2.6432745737047476	5.703578071210853	5.351972306514986
122	27	4.020297078413303	4.383526369719408	4.62229143134732
73	3	1.426638935415765	0.8457830256919299	4.275404820959721
107	158	2.851214163281919	4.144371032572238	6.01872242533398
40	129	2.9762107313296604	0.541325724887074	1.1989587922972336
156	190	1.1871877657522651	0.14516575514061178	0.09367126169419134
24	123	4.025925155519197	6.257583223871261	5.807064648009863
210	198	2.8803009235424173	3.914801382598687	1.222896082945505
72	117	0.2888540939759719	0.6683755142085225	1.5229623640882135
44	134	0.45466156654532436	4.403746519202194	3.568950633011262
75	172	5.667721227583618	5.1589734363018485	3.3500565816452004
197	6	1.0168989383009528	1.984882184999172	3.3853564779914707
105	141	0.07379957506689243	1.5185871638848623	1.173256501122619
76	60	4.6104645998912765	5.851125736670636	4.850056858720324
145	51	5.534520174706089	2.7144635218530313	5.353117681244042
61	165	0.287686932081409	3.5923875821678544	0.9330769620458673
135	63	0.5827018312716182	3.5919214635384065	0.34201333636303377
58	117	2.4850453547082956	5.943356336473785	3.048052494099349
96	215	3.627205657081911	6.1560044198045665	2.8120306872578924
42	79	5.786922962238199	1.746743732607188	1.9451220140195145
65	90	0.6763489995050662	1.8148517463079425	2.224617219885738
18	103	0.33331600957320573	1.0982724936508974	2.2481142111125374
98	117	4.9731158618943585	2.777318775172976	5.350176563717919
178	130	1.0373033293623999	4.915447624244414	4.571089450424895
11	21	0.7698754190817002	2.877376528982094	3.310391920721854
180	189	5.9564294230196175	1.7379448401582833	0.09051367877698813
66	53	2.1623817363231894	5.531704209835112	2.731598648733934
52	93	1.4640674213142884	4.507735872504712	4.562089695013696
130	205	4.104390082621004	3.854227304451531	4.525855521354843
56	189	1.4864649586894523	0.946737202555111	2.5258353092863017
216	128	3.617487078407609	2.3496237243306313	5.05867088156825
162	148	5.9263357055802	1.9250106070470043	2.9683011261727392
56	130	3.6265019824863214	2.2790869279262886	4.544187075919324
5	118	4.92321116358716	1.091148690125066	4.830820137980114
51	62	5.8545117396189665	3.485706433829661	3.0131119825712585
177	163	0.16078193370416555	5.6135086392021165	0.4017546713702044
29	78	6.005960548942133	1.173898839834909	1.693343245029703
97	77	6.118493402003822	3.043389534237246	2.6993550439052574
81	114	1.2333934795459438	1.7271992771743374	2.790972075200181
90	68	0.6498522964456609	2.802901551883768	6.0976011204811185
36	206	3.3465564550495035	0.13023993577426826	0.6697697922565998
17	126	3.9287297359185236	4.717700512706091	4.457306394504227
212	126	4.322456476765538	2.2789510935910857	4.825463425101286
43	78	4.45336040384507	0.5957588909515047	0.4357411142580816
82	179	1.244686016824869	1.7743496279002482	2.3044954224539764
195	21	5.90270921635405	5.66893358930857	6.180174618301398
194	186	2.69922533195205	6.053884963619518	4.437685098811321
168	21	3.092829885814017	2.2010780369104217	2.669532310818618
40	106	4.269170752812949	1.8364142187908796	3.3524045467547
186	142	3.7354688725604084	4.153203765627907	3.4344448158224794
193	135	3.8147724381875663	3.128148381380537	2.865692357875807
16	131	0.643993979971058	5.750369140965086	2.9279918433462866
39	111	0.8974933777853816	4.431665306629846	2.3172336261534814
16	179	4.2113517560818465	3.7520066283143967	5.292866985544462
97	119	2.356003197165084	5.2684929682012855	5.544489575913828
184	191	2.4076035315712843	0.704955896362514	6.21527083173238
89	180	4.894145629476287	6.280537096446607	3.680648168065193
197	205	2.8251869988542677	2.290560899496344	3.654822919897063
153	106	0.474785818679283	5.628604913192554	5.932991071518427
84	181	1.0195682429177628	3.958112834080802	4.661420920462581
126	111	1.4676973794596924	0.5666740318436777	5.208373697318501
118	102	2.171592522941107	0.8853762718270585	4.535652226077255
179	139	3.796801514067968	0.78332698793946	0.7413536953376593
104	58	5.034918668159819	3.357262722520937	0.27566733846281194
10	175	1.8260550655617493	0.977013937409951	1.1471531430906745
112	140	3.6792089113522026	3.8882386647750384	0.7473887227864692
73	39	4.973376427849335	1.5949488026169183	0.9189240057045912
128	104	4.641017675568771	1.8059554254734689	6.103661703945011
186	39	2.1499060229464395	3.3191903474598594	0.9279545955077072
83	175	2.1913599472052505	0.1984512319782245	3.373746688011926
156	197	0.33086389415266243	4.683674677805424	0.8523527737851296
193	114	1.2105246969644656	3.166558763690104	4.34694441021622
12	70	3.2676211921616267	4.062917284647294	4.380177959277343
74	30	5.151896671220047	0.31164678087985365	0.046893890616940104
176	60	0.19823522567498275	6.006029971521138	5.78706365878133
194	196	1.0600659655442897	2.619264835357722	5.88406605117082
194	109	4.529068471122934	1.4914229168211628	0.8526516234842039
116	60	0.9488394350412043	3.608836906205838	2.482336669393341
168	12	6.166381830851564	2.0929796170188393	6.107185270501334
45	94	6.066442020273879	3.5833217969866817	4.966261731264428
83	75	0.8528236368630462	0.4626759491408777	4.481921372438722
106	131	5.218943337141977	5.861173861010502	4.880339461718189
144	56	5.650759520706243	4.2837706452033695	5.434622267720121
104	1	2.835604652062619	3.6151482246081	5.688201187798548
136	94	3.5633290761646035	0.5491995730692625	5.3029220306785705
93	174	5.454079497567346	3.36714219678021	2.209106399196802
173	63	0.32815317160610363	3.597430569196275	5.258244282451414
194	150	5.855977803269131	3.6787455736060575	5.787890103044659
185	101	0.7584363514412725	0.5724750672478898	1.7575944989905035
91	181	3.5922453972460273	0.1324562096044304	2.5268220860275656
208	47	4.471214302478465	4.888471781646158	4.556350566734218
129	196	1.9314326891214373	0.8224735587962543	4.458968977862597
19	59	3.4546242567726875	0.9977134583104813	0.10118685499304554
96	155	5.73222671494578	5.824879793813622	3.0306531023935404
193	35	0.5706393048776222	2.829324179781867	5.430317522038377
112	21	1.8272412738033355	0.21988003625969496	1.3380367417784402
117	174	1.9868532119163562	4.372470530528741	2.169381252089225
132	77	5.154028705416097	1.2808787227904068	3.435466653174577
114	167	4.671547882002443	0.37190678605757327	3.0716025821349637
176	201	2.48561096991938	4.435897137953423	4.794665058150683
24	168	5.042421511299286	4.8291526666133935	5.97423441346083
176	135	5.42120974905371	5.390477092882401	5.4086612295875165
52	151	3.654055198926192	4.809465317438931	0.7322421785630827
42	197	3.37258039442331	0.33383463100079597	3.054017744862614
60	151	0.3146891233761981	3.5536899141147478	4.835378266344967
19	7	4.745125589325111	2.349800965758758	5.838497434148919
172	13	0.749775725683824	1.6639484116662335	5.321111179817864
114	110	3.1915424982910086	1.8008741935999528	5.858728737928599
165	166	2.5827807458730367	3.021637440348541	5.511415207684826
164	151	1.6558738152537302	4.027478168518741	2.285011041792541
40	159	2.2071633658124745	1.4588426368232335	3.584895527408634
34	93	2.06771183849068	5.6451958130520365	1.1993189481601398
91	207	3.9634452150752124	1.9135790722200645	4.638968495843611
113	77	5.462498639218085	5.273869211869193	2.1349972440162763
210	43	3.169409975231234	2.089828318993072	4.527723699250063
131	148	4.344011246814451	0.5668303471807917	2.8752464412202814
43	125	1.430266393828389	0.5364649816970034	2.8315989869358136
105	135	2.4216175043332444	2.922908616207751	5.672855604837994
154	123	3.427812811978027	1.1575740834001846	4.06654350550305
37	39	1.395161675363866	0.8683166079904651	3.8263120381441005
153	108	5.4289824817291485	2.983834090212217	5.017587286460893
120	193	4.949568896767344	2.6197919073681213	2.0852016919076406
32	22	2.077048305715212	1.3172306281575765	2.413535766090942
116	13	2.167582665771723	0.8774664839818231	2.679262293573654
164	134	5.5700792311085925	0.8407651034987017	6.046332109114765
160	151	5.4979088162670475	1.2405480954505637	5.697302657935628
25	142	6.026803302415189	3.753824811179877	0.5464150375633718
205	14	1.2272394509534017	1.3695815280504244	5.746250695835281
14	191	4.122799162968178	3.0526772387494145	2.594223418147022
130	21	5.497729268323111	0.31516171614519717	0.40983187808886223
161	172	4.98068332795561	6.150357956640138	4.437444862893133
35	131	0.8571780885932913	5.581939078692076	2.414605159994467
99	175	4.399279993915502	4.934064614525465	1.6595677280632113
172	103	2.0255044338412023	5.51925508688039	5.265031948542807
105	130	3.1188792283693947	1.1589884055082493	4.791053258424376
138	38	5.161224639330036	5.508985586007019	5.603183545650329
50	85	3.1384775007936216	4.667752238428756	1.9304484956566639
201	189	2.1317728911713942	3.209918815796406	0.4633552423480504
176	183	5.650103057830898	5.136674711031782	2.795084092864387
185	30	2.684079053791459	0.20563611222269235	5.814737395199943
12	54	4.432297434138208	4.51369981452542	5.89315548427598
101	55	2.8214470545889214	2.619346296001534	2.1216936200186756
185	170	0.5543033272488486	0.5241241351116741	3.5465335854263946
201	94	0.05787792031120822	1.563624220305754	2.5622617674107886
76	199	0.8610103326675564	4.24581399905094	5.101670595970863
68	21	0.4924947262045392	2.7221219312305447	3.174495363788586
157	7	4.295948544853719	0.12456621897934358	3.001522942256825
26	70	4.406377580675427	4.615145645636374	2.4008094236319604
73	109	0.23613016002757775	0.38954062678409035	1.042905910456622
148	159	5.551498273014852	4.673849011786138	3.811974092384439
10	79	1.942663599175634	0.06721309356323103	1.2517521926274353
96	18	3.7987516299863415	1.7264724118113377	3.3904495059294466
163	183	2.535372075984515	1.5831279904396072	2.6805338054856502
1	22	3.779838612158397	1.9766814271259863	3.764031142021824
193	5	5.722145754876238	4.988173710490942	3.429939022462123
83	36	0.1139314964110429	1.523500835953498	4.5752438998188385
19	214	2.4772212321100375	2.337574546769712	2.0008781339688277
168	91	3.3049350712953194	2.5312154515636296	6.243748339167914
132	100	4.662186565391653	4.19430294555354	5.800619932925949
29	142	0.29741199984626915	3.2239337195789495	2.930670873832317
138	206	2.938228506924245	4.415726886263994	0.7550603711487863
49	108	4.281418094117916	5.228502564409565	6.135576626480258
21	6	5.53162352991096	1.462291708408982	0.17338918325723274
