30
8	3	0.9872917155966074	0.5281112427811449	1.0436765981942595
8	12	3.29332602527878	2.98932677012664	0.20168750879300404
17	6	0.6101194196078095	4.54460477223752	5.493819248213246
11	20	5.423337589543116	2.69167797872366	1.118148726431598
3	23	3.709126660802023	3.268953190699943	0.7143960337660726
12	29	0.5514125347076918	0.5173492418512244	4.677211354799206
16	6	5.408531205221621	4.341284973045543	1.350981943819748
1	21	5.606586012770555	4.130476430127761	2.444935825133647
26	10	2.0921916638947162	1.3794973624865317	2.8270275242756315
17	26	2.0080356063472746	0.4814099925603123	3.765478531848224
1	14	2.9792461789830327	3.022298025173747	0.7777073298923776
4	14	4.930407263846424	2.05631928130617	3.8551991919681945
30	7	6.232622769055026	0.7973130764091175	1.3522522125051508
2	21	2.7517426635329314	5.491663255294182	3.7357693900540547
1	14	5.9370061470249205	0.13822438060817516	1.4527220177694087
19	4	5.543757539697467	3.0706256749574052	3.541355368080605
8	22	0.5356323007894684	3.7233813672288565	1.9269705087069418
16	28	4.93232634018028	3.006815947031341	5.588442173573699
14	23	5.5165720205475	3.5379268201065943	1.2053644628344091
9	4	2.8936031929042643	4.284669242755772	3.3163973315142883
16	18	5.686254598894695	2.1948435122256935	3.2568433534576573
22	23	5.385260266159139	5.991970924492676	3.2857934997633027
22	7	4.781950239769065	1.8144237745193297	6.120182950669634
9	22	3.734464840338507	2.306286353221296	3.1468209381731356
12	29	1.2071548186424093	3.5007589164097284	3.8267645526434904
17	19	1.017955155537734	0.4451148823754531	3.546519346562014
16	25	4.130941166143597	6.244362626981012	0.7232668704100389
9	1	4.844692203314641	4.711426033049298	2.066103263075095
5	30	1.404954969726999	4.083786447164832	3.1501523192363896
13	23	5.1648503174423	0.5876615783872585	2.8164343682209365
1	5	3.051921713928867	5.770169072446565	4.849945251093555
16	30	3.9947866526846476	0.8846595581343084	3.521620574793323
18	14	3.2628920194104314	3.360107566655746	5.193948754509102
25	6	6.010225710230293	1.1344348362032537	0.34244258301837377
10	12	2.125477621313587	3.3120515098439354	1.0383782537109159
1	4	5.039033110630327	0.5795638840115315	3.2068200111000182
18	30	3.2381154410933455	1.4479600363854914	2.3299364657167816
8	26	0.8653084822695353	5.071920603212047	4.509347480222332
4	22	1.7908880457552623	5.362632495565074	2.326975138009615
8	29	4.800502467059794	3.668729874685377	4.467167195865462
1	14	0.0017712180603541325	1.280403531554124	4.334884719269811
8	30	1.874481800273435	2.5866379161679243	1.1853484648229171
22	6	5.342353747465373	4.911360413787696	4.287110367873883
11	19	1.295115466891984	0.9504301545704613	1.2028109267274212
3	15	2.257884706423721	3.341065841404861	2.7416557738403893
3	22	4.32031777056687	5.104117404698585	1.7404375708383677
25	1	5.692613295482039	0.6323698168068927	4.651906364947512
24	8	1.935293036191061	1.131763165213596	5.686852902584032
12	21	3.691548266166642	5.852589522278984	5.511878544748318
17	5	1.2226670107246316	0.5596898702129083	3.1578819522050217
26	14	2.887938530885494	2.7820358761473463	1.0629502110368994
2	5	4.930867387242406	2.0751872837795458	1.5382584907063974
28	7	0.6671914134564881	4.263968181964119	2.9651836184465026
14	22	0.9550292828706072	1.6155075476842815	3.499123568432653
4	22	5.374286692351599	6.099328619377806	4.383200861729521
7	15	2.0448215135683276	4.879885794321609	6.212070461269363
15	7	5.465408305097711	0.5740432267270981	1.9309402792734602
26	14	0.5539500283525322	1.7954779323575205	4.230709440744345
27	30	0.710008541459103	3.6981610405024097	5.964152035694005
4	15	5.141514366686239	1.6897710427210053	1.5222440254627088
17	12	3.9692651768132885	5.854016114200839	4.796596942560575
8	23	0.6803007438239934	5.839540624652898	0.7929369863402769
3	15	5.017495319621508	3.4862511435848877	4.325742645170645
30	14	3.6560148867433395	4.018860111531717	0.8053642891151878
21	22	0.550260439688208	0.8125764663217806	5.812017391339536
22	23	1.4340997750169477	5.398925108502609	1.3839224353918649
1	30	0.07730617203587573	1.6499925339456385	0.5589342429515978
4	13	3.2716751716835653	5.675566900243298	1.0608723731129606
18	3	4.837700576902595	2.3890857082495947	2.6029464657970154
2	12	3.508204608470795	2.862335913531735	3.9135821991290833
17	27	3.391261811215557	5.252858289134696	1.3133466397386897
3	21	1.499278809698505	4.458897063447331	0.487600506858727
17	7	2.444056071039708	6.053675748537434	2.993926751726439
26	14	4.26318321827649	3.1070461813192525	1.8416417595178596
11	12	2.8401509834630296	4.276873722843112	1.9492401400106585
16	2	3.2796609734750564	3.2547512352210903	4.373083681051814
24	7	4.635937074462659	0.21170637172803555	3.525846871810375
1	9	3.6163621837321656	5.573657042327447	3.8074472171025375
17	19	0.09449758849102675	4.46610664988616	3.0824206852554563
4	15	1.8010968374227374	2.3325104221865605	5.667871195446392
17	29	1.37401260748161	3.68474540557181	4.760833546311883
25	23	2.1977044844451346	3.223804999727569	0.11580534098728175
24	25	3.4162092943197604	3.326757401678935	4.323792805168987
4	7	1.1207516666019006	1.1205033162617055	0.26290199630695843
9	13	1.4565654615421868	3.8421906638339154	1.3478456983780744
17	10	4.822880063570144	1.4258195600973607	3.0153517678359307
19	29	4.250619373783413	0.918084283812516	5.3375487472929235
25	18	4.816305893959584	0.2649975827457987	4.94287896909715
1	30	5.923546859113653	0.1142506023521794	5.650480523158036
27	3	2.63541751353963	5.069019509225944	2.094922396843886
4	23	5.29266481458698	1.5888417488368902	0.6939523994219907
25	29	0.451048720829405	4.195437523895987	0.4358010297228156
2	20	1.4576807660491535	4.971524851606737	5.8226665913238875
25	29	2.421740462710054	4.905368157688771	1.8443377258685687
3	21	5.92509322240165	0.344564674616321	2.305790734922346
1	30	1.7919765831377026	2.448935562639701	2.15385258887486
13	22	0.8307847681125213	4.206140774757577	1.1249896735055718
18	27	0.8222002761363888	2.3439332862427498	5.0690124081068895
9	21	3.3039736235392754	3.0884929201213507	4.479151101192406
26	20	2.304578434241941	2.3977051522135366	4.523226147225171
20	6	4.7222503759309555	1.2666317014372108	2.7260195653683557
12	21	0.20553226178549364	3.0015257847060455	5.757914923921899
2	7	3.254270597448197	1.317869909835082	4.968886486276854
10	19	4.198541627363238	0.14744559179831343	1.711172976882172
24	3	3.066878115234567	3.2012082880596506	0.9335093006079971
26	4	0.01187509556807031	4.040426779550494	5.16205639829792
28	7	2.636989747805942	2.092272586526385	0.9123805037198092
2	27	4.645793788675437	4.640631215384389	2.7898957357072294
24	23	1.3289972905956509	5.81536856746378	1.4752277591578906
25	13	1.7408926904350477	0.7764144745103921	1.3923425014451054
5	29	1.8260438160063766	1.404088135431128	1.6577297105229305
26	19	1.5795798142314263	4.314045224617821	5.879962857548399
24	21	2.2033698434041193	2.6098883352553623	1.0988372743461534
1	26	2.0173985435593997	3.667800237047154	1.447844299729265
28	7	2.1564636712648	5.61479193058371	0.26364278379811146
11	13	4.767950758763346	5.205121395654112	4.361580206100338
13	5	3.9798678914327783	1.2304327396027956	5.60996795744959
9	15	1.606716496422467	5.348696247268298	2.5823748857759528
26	12	4.0633982260986	2.1011736244974952	4.556837919485083
16	4	4.361253710795263	1.2878080402280845	2.850736957217584
8	25	2.429592500512576	1.47133676175169	1.7315288279998984
11	28	4.759361035272461	3.294337960353359	4.029553963201235
1	14	5.269138195008484	1.2948009567942595	0.11307121490434692
26	20	1.3622317227588443	3.3671800719996807	5.9492047452005465
13	22	0.6356600939495504	0.7169381130074558	3.8598135492264207
16	12	5.366799709799784	6.100126561992953	1.2930702041603785
11	23	5.2420612955933965	3.788195517664175	5.5135830776796935
8	1	4.300402033832789	0.574612853758113	4.627268650649458
8	28	4.744303408426149	0.21604986183350622	2.3403774549884533
26	21	0.47616554196982946	4.630695699627927	1.773406137394705
8	7	4.380447474267897	5.361499834670851	5.385119785030328
10	29	3.257937759120323	1.1206902459961727	2.074830025256116
24	17	3.796876774285086	5.116114690729279	1.5141733551182606
10	11	2.4654777901142433	2.3171266645165485	1.679123849374344
8	5	3.730789979589289	0.33790199870314863	3.8831000393170076
16	13	2.776828042232505	3.5785083478446937	1.9967183923545697
13	6	2.234620920611065	3.7928430638766857	4.054398943668816
8	19	4.828464132633251	0.3547526336121018	4.64380763722981
25	14	5.395059326781502	1.3616920265880794	4.60944009748069
8	22	0.7020024947475465	1.7514904451230795	3.827865460400947
12	15	0.506612895364699	6.108225929004495	2.613363292589388
24	10	3.3504992947409518	3.032948249724174	2.0656996807939034
29	30	3.827854295556091	1.524648337307318	5.517998627096166
9	28	0.1326832941175546	3.2130931294678944	3.0292943573767595
9	20	5.458460773837611	2.3643955155696545	2.3689279157121033
25	7	4.8200700517432855	1.0694838027354532	4.35286968440128
8	4	4.467746860731468	4.222926061556643	2.5622633166352946
2	22	5.907268784507403	1.976805439235549	2.053509145723186
17	3	1.2392242596017697	1.2955763656866783	3.325882454194651
16	19	0.05252205271601829	4.795222041423286	4.793053524373103
9	7	5.549705412487254	1.066126109884072	5.7567421616116015
18	5	3.083970187937488	0.27610972665476985	2.2912307674981043
16	22	3.934084014607656	3.090117187966089	1.3934629198964457
25	29	4.5899451642291895	0.6122356249537836	1.2687234103396507
10	19	5.5247888901768	1.6314158767153786	2.711657756074525
11	23	4.2833406239370495	5.2173087237527085	3.499460353929255
8	30	4.109366277936922	5.6593934095440765	5.535932157018048
25	6	0.6200261486071575	4.387161697437492	1.016279392211386
21	6	2.9928665818218283	1.7580500270878423	4.416889697385614
17	14	2.556555256214144	3.9347887318380854	2.5082366323738796
10	14	1.7910707618772446	5.977112777384997	3.1491919267576614
26	4	2.3730925710235105	3.974019018787472	0.06851554110350376
2	3	1.6151907743524456	3.5134146003663798	1.27021847240238
11	30	4.114468800106273	0.8781342560503247	1.8350062660157092
25	30	0.2996703318382054	5.381017005011726	0.8577759437697798
17	15	1.3983156634175482	1.6119596254470998	4.159195301245609
16	3	0.600814141984474	0.3672496289081479	5.891747270925113
9	7	1.738446724794107	3.149409632888883	0.9954547151972635
1	26	2.7152811179618173	3.1740953419031275	5.069122570318814
16	20	0.24389205226385377	0.8296744303635569	0.9803860149279171
17	21	0.691443377409739	5.857854172943854	2.5053026112476307
5	29	6.173009983817115	5.469956626644167	1.2841978311265763
3	5	2.559489301311519	2.6711996329845618	4.378977305372011
20	15	3.524676805924944	3.4043726476939646	4.761738999247502
9	11	3.3735289691518124	0.28874463982937126	5.498917586183415
1	7	1.139021955249391	0.8785516712121492	0.1123828449515208
14	7	1.2398233193598187	2.3492728109375474	1.0347324778481373
29	23	0.20519533937214585	4.109754780395417	4.50487072925606
9	15	5.945562789340017	5.721359190276186	2.7195045546127488
20	30	1.9096189014620488	4.942831973639536	0.26663595912164323
20	22	2.047304197163076	6.082462562419589	2.135533280795883
25	15	4.555538959874354	2.426212615517334	4.687888756823918
18	19	1.4742310094331992	0.521977839697881	1.15519689869249
17	28	4.125750067140934	2.4571145031835058	5.705905163007715
17	13	0.46895363036668986	5.683585817261512	4.721769905586905
1	14	5.379273406755426	0.9129547787967872	2.8772796075757765
12	20	1.7463133548503251	1.8014773960636743	3.812063265244549
10	14	2.3206294959558202	2.1274457324705067	2.7175338967248086
18	26	3.7811755086982672	2.913019329561431	6.200120430518024
24	18	2.517084509280802	1.3601354265956769	5.137443289021233
11	4	3.7741523094163685	5.835757467821681	5.452620589977772
20	6	3.6612214472203197	2.925984230770307	1.2107474188533927
28	13	4.086146735052364	2.0066452751023176	2.913479724745373
17	18	3.406618092899348	5.842732635500433	2.955673879507614
16	3	3.7393174686172745	0.531847960360719	2.7317631093098083
17	21	3.120608990410733	4.287289241679726	3.687948625446859
12	7	5.162144448889447	3.564757455205874	4.649202655751977
10	4	2.402812744549314	3.4644773734060053	3.8453194011135983
2	11	2.2454138274218076	5.768894279602832	4.761084017760756
8	11	0.15103569770644956	3.2067987263547995	1.68465530983004
6	23	4.789352166220969	2.4101105432106564	3.806572661903325
13	5	4.5284610042792215	4.631971578767644	4.586774060870616
17	6	5.314066412452866	4.781263416511646	1.5561466721186048
9	13	3.3663010626144616	0.05060816954942913	2.128369218144345
16	2	0.5387282110894762	1.8404847871741206	5.744777942987602
26	22	1.9944408873717854	1.9150320551488054	1.8097387841992463
25	28	4.947721861876666	0.748857974391034	5.892459992850159
8	15	0.47929242185705956	1.9320669154124663	0.1948479668157305
16	14	3.4623550252888684	5.847766839748605	4.181212165639156
11	22	5.994324275031932	4.129055765812373	0.1506061195210179
2	7	2.7266711757374207	2.808261643615116	2.3128214663533937
11	23	0.8384029908757983	5.672067547524956	0.06293514215905381
8	6	2.5766635372490714	1.2481233157326201	3.2451427020345274
17	3	1.864196576714985	5.8161809888860585	3.974640648525034
9	3	4.369262411804386	2.148004155747206	1.698236663274464
25	26	6.070252220064558	2.357884225524563	5.855606072760784
12	30	5.411580200398915	1.2122544213175124	4.065611955222649
9	4	3.974743033661382	5.834815367294327	2.3369217421768766
8	7	4.914260827261998	5.331957607623535	5.840778621334859
9	22	4.134878908581116	0.6869324819828619	1.055190672783305
9	30	4.202582032837325	3.5675815249746736	2.3969631328743115
17	13	2.3471276072538183	2.714844904827931	1.0634339481263673
16	21	2.0667736825982077	6.165215346274343	4.7068602578262855
18	28	0.4755261631039497	0.31414959035648543	1.0601989817753088
13	7	3.83460824533135	5.931355179117351	5.246533705120661
1	26	0.32585740481589925	3.2533150622502043	1.338009281430201
9	7	1.9447429079026155	2.1612432417477385	4.401812866511667
5	23	5.1633016588487015	2.8807850042587893	3.3426222692048095
13	23	0.26637703938801444	1.3462606695082084	0.32828541132392763
2	11	4.035112346624465	4.206276612044764	1.07538854040188
21	22	1.3487547522089927	2.6356091074047576	1.856102494741492
16	13	6.250390821101609	3.170189427226691	5.330741112046514
4	7	2.9792280435885763	5.3541181396645525	5.225727627764549
12	30	5.225924718802512	1.6887235996658423	3.6093437520306226
4	22	1.0258487456049012	4.5259242717420936	5.538272529109944
4	14	0.7202747305618856	0.5749866103749803	4.0745539462558895
21	6	4.789792750860919	1.5536245853387463	4.909933985306913
16	26	1.6770506171753046	3.510468793039212	4.014040143709389
10	15	2.831123809193928	0.5407996148038382	5.5249393795908075
13	5	0.4067157095839656	3.8228964219711417	2.058815880727992
26	30	2.744621212640564	2.414240232543857	4.867677786198892
18	11	4.824593420396154	1.2431900458734242	0.8563971053995914
8	1	2.1265838859397017	2.9525868776939426	0.15924978515768173
2	30	1.7582863459578049	3.73474563435418	6.151540644334321
17	12	2.843053668524162	4.505264249002447	0.4463642935030175
9	2	0.006173001858495126	6.075548707106506	4.456964084274556
15	7	2.713295657987344	0.9265753391442817	0.836318207824784
21	6	3.5370407302521527	4.9392534636053	2.5209791559074857
4	23	1.1936833929305235	4.454395632993211	3.482057070704923
5	13	1.839228965756006	2.45014454727537	5.200976654903151
17	7	4.353692039810901	1.4529056073745474	2.1314139935562473
3	4	4.973005112823145	0.20893160101587432	5.823937441405595
1	29	5.134272834040076	3.7614355057934556	1.8014415798615304
28	15	4.033378906520496	4.719472736206759	2.033142633532167
12	6	2.5558559125560083	5.865779431899972	1.383053781449957
22	14	4.969173385746996	5.412396543828859	5.82636971173353
27	30	1.1961865825121554	0.8657932745355972	5.295841046704239
9	11	4.876179422281634	0.8709144240331846	5.7572270471449905
6	15	5.247691749014219	2.3912141174464616	4.041770705780678
1	23	3.8807418503776936	5.277827635696431	3.320811480642875
24	2	4.051806156263956	2.0579327559812706	3.095234847802452
19	23	3.4041219942812413	3.663445903801018	1.6590367850519598
13	29	3.021585865482887	5.713499398708416	5.525533033982267
3	23	3.8922291757547165	5.276508033860372	3.427317335805885
18	10	3.5064466116691566	3.276206038052928	1.07284574319896
20	22	4.052183554141162	5.212799744667469	5.22751688024696
8	20	6.234937002234129	4.740031568955827	4.824576145922614
29	6	2.347661962255437	0.5866518975353575	0.44250741127387905
17	22	3.232969484664291	3.5955999114137236	1.8905810865512682
30	15	4.714518337738255	3.193201553921516	5.275299895592375
20	23	3.291780175509073	3.7800858403495643	1.4439429462327715
24	13	6.247876076561288	1.8588357349746187	4.927158254432212
9	19	2.821798090994825	3.8330471696605453	0.4065883149403335
12	15	0.1594796673236661	5.354254064889251	5.302960765623834
27	30	5.8639570465270205	3.37277294389877	2.364581461001345
8	2	0.9408546372147283	3.5822549173116007	6.036149481468055
24	10	5.113872033141865	1.7824649147127503	2.0548788212500604
8	26	0.7202604703825927	3.880766579700341	3.640757454082993
9	19	4.489779713230381	4.9966037466365245	2.514373097453265
10	13	4.3652369067126005	2.135064957063878	1.7024528193161859
13	7	0.9689166617862879	3.71225248162175	5.670221110016137
4	12	1.5951853387683261	0.6511544032249239	4.674565623097401
20	6	1.6708854366379366	2.4171831783204465	4.6056298419526644
2	12	5.681536292474966	4.423899443540785	3.284966241590869
18	7	1.0248885602677171	2.605602555259757	2.8792978395401727
17	26	1.0629490477241017	2.528815836242371	0.9496197996230846
24	13	3.7422467488936433	3.0846098484766937	0.21249206458346562
25	3	2.98495203639585	5.981121093361697	2.7552385932532006
16	19	0.12479601391663804	6.079446038755496	2.1552119638183114
4	23	6.142687661432071	1.5229404113289018	5.04943911508424
18	19	5.042185060307245	1.1573904547294454	4.069996541642233
1	28	1.3172196105446587	4.805431486600721	1.1349101526298413
12	13	0.03692770157085425	2.964898277011008	1.0950184235216869
11	22	6.106901654778732	1.0938125641196998	4.480536177623292
24	17	6.186463574724183	4.464435975832492	1.1506378675970719
10	27	2.5760047818322565	1.9926545584270317	4.371164561816416
20	30	5.513012024045739	3.392786642306157	4.390802705575167
10	15	6.16225875082112	2.7046107331651523	1.573777172280941
16	25	4.90146604007031	3.3995612915389084	0.20649501958760041
18	13	3.0234562355796646	3.5481398660425882	2.751786622600073
8	3	0.0623553137446799	2.4781851061686244	5.7101079521755524
27	14	5.6607899850491865	0.032102765480365766	5.296102080559415
9	20	2.318672002630432	4.954815529778424	3.1211351413530006
18	30	0.983115121181659	0.40963671642425303	4.143348091067601
16	20	1.3996544628231038	1.8664009625243747	5.293228184378377
3	13	4.091933833019853	6.242667531957653	3.519856320202805
16	29	2.765118049796579	5.149096275929086	2.249428102584525
16	5	1.2773032104750424	4.679830119287274	1.7589690121743176
20	7	1.3727248236934024	3.9166787535729846	4.337441951858358
14	6	1.4405531814842367	1.870359499401646	1.3645229372854402
17	22	0.18706520255609377	1.8340861860355189	2.247246946484755
2	23	2.397961913103735	2.0252392437421043	5.239871240363385
26	2	4.300051122307148	4.297990165601463	4.478083578059428
26	27	4.829071055149434	1.9810877695600095	2.1329819452066348
26	3	3.791137370686232	4.889644451082836	0.8749406802000314
27	6	5.399518637989835	2.128269080783514	4.8021447540618025
17	7	2.358959382946708	4.828947083288784	1.0013908651783885
11	13	4.351240825695725	3.314150554477929	3.7831405023181666
5	14	3.407301964133443	5.7926587215176735	2.1810137451253473
18	20	5.487577234771646	1.8917430260763166	5.78493587436049
9	10	3.937401436107828	6.1555893065901826	4.6829220244336485
27	7	0.5160418048666104	5.568166050631074	4.527034866818712
12	13	2.3845184953187513	1.409195867262689	5.552017082299925
26	15	1.727249316148764	4.8916942272335495	2.0675728928469606
3	28	0.49558082029374767	0.8727212080198189	4.444521567151964
10	18	4.926736951359461	5.127656268852308	5.591135131070609
16	23	2.0402229522360273	4.118753612525646	4.2075033801174815
18	28	2.725062936467009	2.9311873397602777	1.1875929986956462
8	26	3.651749001730425	5.437335451860428	3.876953885401964
2	27	3.270752840302784	2.3117398216545513	3.908849980005818
28	5	0.4974203031966516	2.9295903630863416	5.760221599496332
11	12	2.7679760250063747	4.835337204674798	1.9505799743782426
2	11	2.2959012530702103	2.504595243312646	4.446177576728615
12	29	2.0058586369512867	5.204424451352347	2.611844021348764
24	22	0.30583836229573147	3.642346613657767	3.8105010313692507
30	7	1.6257648940893576	3.258775371065275	5.549596760882811
25	2	1.6257642809657675	0.6451426000785488	6.120018905222533
16	15	2.059689273169162	3.7464477812210615	1.862851988731612
24	14	5.885528888003385	2.2742859643962903	0.7073032240948185
5	15	4.604383979501237	2.6498385626678904	4.074979776197411
17	11	1.2184118278434877	1.0067030684858187	0.3791358296608522
2	15	3.74274380599722	2.91522027547327	0.1376158292571552
8	29	1.2840510879850318	2.8360472606990883	3.922980068932017
17	30	5.708001309663351	4.014408690763875	5.964574372809504
21	23	1.284987836846383	5.655575685990316	6.243286986937338
19	3	3.6606091204381834	3.5743936550245583	0.46730483524279737
25	3	5.91305572700471	0.024117372122382217	4.745974126362842
25	3	3.5014406324857963	2.0426272723899017	5.450185186623525
18	11	3.846935502498231	1.53420324315139	0.7543232012557768
2	30	1.0629784083912055	0.04740487909463977	2.7151570390203754
10	12	1.9771219911789404	2.611799551694055	3.5378154245517957
27	15	5.900650457797191	1.215305155857082	3.7850519646100067
26	6	2.719826002882498	2.414004247812826	5.715203036308648
4	14	5.1118813386926965	0.24272948736908773	5.4538979337287445
25	29	1.938398138474052	3.148712639322375	3.8178944011136293
17	7	1.601442609215669	2.1858620291968154	1.8246280571357272
3	20	4.399134635354732	2.0152806026928465	2.835192496834498
11	5	4.640064117206883	6.180659432376111	5.8133724574074295
8	18	5.90017765533965	0.8506886429448983	4.83265457857465
28	7	5.030657390140214	1.7546512625744624	1.661593094006923
11	22	3.4007658004548613	4.973276556745985	4.243571455154632
3	21	2.8401953680637404	3.303183223986976	1.1345262204593396
17	14	3.6622588165684595	4.3958174213836285	3.7064231981585642
27	21	1.2949304790745086	2.519033121539386	0.319493779283775
22	15	5.84504226799631	5.84223655974737	6.112765013106295
16	21	1.269259590366796	2.9983233798994426	3.067005657850332
8	18	5.909311602387731	0.3883290571358886	5.067308438480401
25	23	4.113966941785239	5.568575492642742	2.4763208853828274
11	30	4.986881796883111	4.21769895499861	2.8096224107084766
24	13	3.6557435080108314	5.389194036083264	4.00412160761389
16	1	0.17662071073152968	4.2549076635035235	1.3511641691997542
1	10	3.172708136727251	1.3684748470286359	4.429276866091624
25	3	3.065066247943513	1.2775023305581488	0.9229442890755781
17	20	3.208319181451257	0.9598004873907726	2.89534580585155
24	15	1.107495363235837	3.3197859203314954	4.575519503121197
16	20	2.8235271040787278	0.07706492314872089	2.659008090141594
26	29	5.562311194685675	5.302823353525413	0.35617493419175755
28	29	0.37354770482006683	1.558242714584967	2.674315758664903
17	15	2.1810251439306785	5.9179082021254885	0.7191246552223527
1	27	3.1627012051268704	0.466778141852046	1.8677855183259267
4	21	0.3043105924392088	4.9646290896425365	5.904340109733211
16	25	3.714128522389522	0.3038328706849438	5.377209351745896
16	25	4.9051487094087465	0.797886442587174	5.954860759376117
24	18	3.6339155156840235	2.5028225615911497	4.203138570989361
11	12	1.9510428156586137	0.002073527705689805	0.7353592314654264
11	12	5.819337893969798	3.70700157561168	2.322102802452098
14	7	2.2303536028521327	4.309223472835248	2.2407081352603533
11	22	2.9411658295997563	2.2999407752012346	5.713147385955905
8	22	2.42671052066073	5.744158028766979	5.786247669829281
25	30	2.406498660082459	2.5482095115402528	1.3564148923709676
8	29	4.651688967844003	4.804348969604444	6.124324606422103
5	7	0.43510955546566876	0.06023458740623094	0.6606228472215835
18	20	4.802388100799943	3.966015944062616	1.3613952466544699
19	20	4.471943786141103	2.3423478383683864	0.7823229741791498
24	5	3.1286482318153834	4.2731236421037355	2.9778051431591734
17	30	0.23729119342167357	4.48954636288021	0.21503226969602696
30	23	5.661928609792916	5.468537591392647	5.4876017120582965
22	23	5.10235425747187	3.6723560829554556	3.1970979911092705
24	17	4.716438025423228	2.9108990791199374	2.0084021278053426
26	4	3.745607881252578	4.669445109060152	4.233471181893416
4	6	1.1623302044256376	3.918716420450798	4.008448365581552
12	5	0.5961487396094821	4.945302653885122	3.365978296816832
25	11	1.429638884033827	0.6649177263803312	5.224910334240123
29	21	4.829408248345423	5.254774496770016	2.9413223185139032
24	15	5.239869619920646	2.6199507314004022	0.6923694850311402
29	22	4.560404323832074	1.5682734644334622	0.4908326513744698
11	19	1.4226850854475652	3.0989982683504174	4.273072276575614
22	23	4.426798818649703	4.903322314119463	5.873553134708373
9	28	2.045540695005709	3.944189683903689	4.771723006822319
25	23	6.122320790376314	4.073047442341158	3.683078132802863
10	12	3.6397020731352656	6.076981078976042	1.8728552470097852
17	2	5.231560794275583	2.318732340613429	2.2143651691487967
9	5	5.06778330850588	1.9954014607747845	1.3814722800636139
25	29	5.430857190958545	3.1669488184127235	5.040414183822959
28	6	5.594026231616316	6.206839751449951	3.226845542443685
1	20	6.031316923657819	1.6268730211757292	2.9345498184265275
10	29	4.474588950640936	4.8638510408231905	0.5895840789754793
27	4	5.519262212934169	2.98946534146953	5.486768439341482
21	7	1.6936678784993038	2.3136354178264074	3.2138229924114894
9	21	4.8913909813140615	5.967768676979253	1.1161439932745616
11	14	3.546389958969103	1.6540590674160476	1.9789045002844583
9	10	4.521502839359942	1.574738598820242	5.8600169873608365
17	7	1.6713858612981904	0.8042042200201254	0.9980590612460417
11	28	6.008637935252793	1.825380103119826	1.4180494516913964
5	29	3.73706438925275	3.691186587871207	3.8317664600245993
19	22	0.7325469469492758	0.6317565353004381	0.3507595235126817
17	10	5.775478747445463	3.868789133669975	4.8777574019605705
27	4	1.69351277908495	5.964442633572845	2.9225580293355753
26	7	1.20657226818224	4.993727751602397	0.05707210838623982
25	22	3.0897558321861234	4.4306678028354485	4.056737100853398
22	30	2.734190516130628	1.6066141788137198	5.555616428105815
16	6	0.8094713523305024	0.060401150963023044	4.242335141989764
10	3	1.246330886542117	0.4575861624261589	4.631752144451801
27	13	4.182444742403664	5.942901472156899	1.0334162003907454
24	25	4.3921982872438	2.622244902797969	1.2515176579691927
27	30	5.723924055978868	1.213175803198233	3.7833875701604165
5	14	4.436143524901545	5.009496363922791	5.876845316107853
10	11	5.667489530579444	0.22126645520062305	0.635366608782393
10	20	4.6288958795074295	0.06599762466638924	6.0328917838448035
5	7	6.26160994918131	0.7701610718970912	2.4845490474292027
26	15	5.6493408317493	5.863910325383506	0.9719740168374192
9	17	1.9575298464752402	6.225006244512959	5.447137698328243
10	23	0.6051836825326918	6.111179471264219	2.70662195766668
24	19	0.3372482762929932	1.309026873759176	3.571707840958119
28	22	4.4034323296343745	3.7147051726636695	2.237480253531817
10	29	5.74340070912675	3.9961877690308802	1.4327761567618966
26	14	5.237809527459804	5.379838365721783	2.1136676572655726
20	7	6.220519211723044	1.6074417907967355	3.7052113226247276
9	25	1.6451665846596804	3.5738978453650296	0.07076859356555706
23	7	1.1960833996150833	0.6608585302968986	6.229606459938395
28	6	1.8816548129883242	3.4550241433709665	1.0977360064373187
25	6	3.923408553345033	5.838596174878571	6.047937756869095
22	7	0.7018642322561831	1.7631332644947917	3.6063139746089656
27	20	5.823811747393133	2.0621368381858036	5.12830367034376
26	6	0.4463339634871729	1.805622312537118	4.518227533073716
16	28	4.979174227560092	3.9019019706129168	3.385493947474121
1	15	0.9901680468215852	5.61729039701275	1.4494706058330995
2	13	2.880357520100384	0.5619492644366458	5.203986873393541
3	29	4.010400665794218	2.6888604687269333	3.9726183896465743
20	23	1.635528161184661	1.8039598646978143	3.1136257968180017
16	17	1.6183293366728284	1.195059465491601	3.603570904829447
2	4	3.9245033682129096	0.33414840376324606	4.1141377892418065
1	14	5.440172389068184	5.622610408390037	3.9111507350065167
10	21	4.457331256586109	4.3249309332025625	2.8483790192286307
9	27	2.932549502637709	2.933301087769481	6.139252763432688
25	11	0.18798347050887085	5.980948897366319	1.2891195809753357
25	2	0.12173003691550004	5.641030689291761	4.062897347241682
28	21	2.5149688291823735	2.618630243289754	0.7876505861757295
5	14	3.110472937059797	2.398028629591129	2.46657848846781
27	20	3.7728426477793473	3.431625766862498	2.9181244961184323
2	5	5.554358554283175	5.319568201813807	5.566729305562652
2	13	5.062837183809813	1.9207686206634702	2.0984279789646796
18	27	4.024912754843489	5.172465398358619	1.124278890993888
24	19	0.613436891712588	2.3201553018490744	2.6963591178689983
10	4	1.557954780098194	0.23808749130877044	4.137939142088946
11	7	1.8360096047940693	5.775208076906833	6.158685213245982
3	22	1.915414371409572	3.2314261057059435	5.993722396686965
3	30	1.8893536728690852	4.667796170317738	2.5732416540817913
9	10	3.1008414032504756	3.532096477846556	3.2714715243508747
11	4	4.832982614386392	4.802592356560842	1.6370147626980283
20	30	0.33159372596541603	3.9481092292604725	2.481489997062295
3	15	3.6616517776526845	1.1955797006693945	4.196086389444152
16	30	1.7200970497633727	5.013896782624931	3.9149251525389626
21	13	0.9511926235164883	2.1920306514288357	3.0991637194755457
11	21	4.582085444483919	4.937322560809554	4.177463901646661
8	19	1.1527798433009406	0.9546487677649428	3.817257414136621
2	15	4.149346841412477	4.413079566126724	2.0896558157703975
17	28	2.218192098572697	2.5461661212240814	2.033937687188474
16	26	4.224679277621683	4.820531207538475	3.8243312219258216
27	30	0.7889720346733068	1.9163644598618979	0.3061601781943615
18	3	4.81721703122274	1.7961271679866295	6.118487219303254
16	6	2.7767055070799778	2.5840212024294793	2.617855358446966
13	14	4.871315346544595	4.949065798113053	1.830654828883876
18	7	5.68590791484313	2.2978215075332	5.4476076244125675
18	28	1.69324305937961	0.5612087983767102	1.5129067277746333
1	27	3.9602270029856803	2.6659673820859933	4.144695069132083
8	18	2.5912145242607036	5.247107492416445	0.8022207824465085
29	15	1.6408204800220667	3.5098716961776377	1.4764339318752526
10	12	2.258092554014966	1.6439671397319071	1.277237736979345
1	13	1.646930888638618	6.235154333204036	4.507886449159793
24	28	2.4814733816130476	5.42809148193996	0.2897374792387074
20	23	5.786556245235169	1.4549017008800766	5.6328636894253306
1	5	4.613611260981945	4.974948419746426	3.9885900117391984
25	26	5.710325746179955	6.0119847897637655	5.972859666559735
8	5	1.287308401219713	2.1591449670123075	1.9465930446964264
19	11	2.008480327312188	2.947395003032425	2.27696548482417
17	14	3.744481412657673	0.12456906904643783	1.2494239176010133
17	27	2.2413561321355218	4.705416345735088	1.9446533909403967
24	2	2.701281531750048	2.188658799551324	3.9818638873058583
1	26	0.4986764398740126	6.0609664963294305	4.695440754151637
8	15	4.39602993659798	3.690587405053361	0.6028063492237803
12	5	5.010183323147495	5.355070292250292	0.33525356622437685
24	22	4.819551437710848	4.575531839166226	5.712364821836294
16	7	6.066267928352927	2.875393321599989	0.9068025423028232
18	29	3.303787238843008	6.181121100570807	6.118716651944607
2	15	4.613333120499883	1.9837414460308425	0.369329852716005
16	25	5.358055792016527	0.5593580395167995	5.587799548216486
20	6	5.048417085064817	1.0254629445612669	2.499304658006449
7	23	5.575215860455056	0.47462635095790673	1.8116876009415466
24	16	1.7232613793511136	0.4394111400640332	2.825182222200907
11	4	0.696018430175521	5.955485534042841	0.6279493017692884
18	21	1.2760582804470522	5.437645504016244	4.524702383046375
16	13	1.6681258455729004	5.919036091575121	2.753090461296751
4	14	1.1119231244674703	5.46957141382866	2.115664092269511
11	15	3.1857534969452432	1.4602214459339227	0.8510971313770072
17	29	2.485404593236267	3.8101890862284775	2.039542602446926
17	11	0.09559421344918557	2.4894289849736717	4.4921742640594635
25	28	5.6672171119727315	1.9362232946996474	1.180684360915045
8	14	0.7823957112578236	5.804227156482458	0.016923439901313845
28	30	5.207546680140738	1.6574226663160965	4.201704674740758
9	10	5.554625342309736	4.421878146954544	2.8881821138055717
1	10	6.247736106522425	3.55550845785051	3.9602752254195224
9	17	5.269593651817101	2.494020588769125	1.3946602166802697
1	20	1.6727238411925258	5.778829531707353	0.23487857983416432
17	22	3.9201276230938054	3.7120293488619334	2.083168243473825
16	27	5.968496721268418	1.1743479996999047	1.2613436248912249
1	22	2.7484205281972915	3.7241644506887788	3.027351148203239
20	21	0.9080962479072963	0.14277093879092587	1.2649236977326956
11	29	2.425175605228311	4.730332188999921	3.6469076477476805
25	18	0.02508705199841684	3.955992119876312	4.707369050747379
22	30	2.3683455165676457	1.6772465915572288	4.154762676903714
1	13	4.825947989601925	0.9125982114879158	2.8923176923481444
24	15	2.777404726393225	2.135882435468901	1.2516441512516083
5	30	6.206481357642359	3.3912188712658056	5.56305269536904
20	23	5.4851173312012875	0.7539876525231172	1.0307350481084996
25	30	3.015709493963692	5.5089190706624	0.3895352111863584
8	23	5.230497566985277	1.3847881716067973	5.115559329891958
18	28	3.779595504118185	6.087642585646031	0.4616269261535217
25	5	2.0000415249283097	2.2278779182567705	3.633883380289252
25	14	3.7847443251509527	4.2378682930142775	3.1969829099835163
26	23	0.0541510909847535	0.6749307000238978	0.21787394491902862
13	6	4.356616738804537	0.8698576871451507	1.1104221455671497
24	19	2.59929264548877	0.19398522087118897	4.740068156046626
11	22	4.8603337664824044	0.9408566410357094	4.571596020387339
10	7	0.1907017435844491	1.3389399896932705	0.09845468780864866
8	23	5.29598019582974	0.26367992225913156	2.944626365941996
20	15	1.761398763566364	3.9304448616814556	2.1764028276427383
8	21	0.9992589660348061	0.8871293947093349	6.2072862736162175
13	6	2.288061238085805	6.058787622265454	1.997409402180211
24	21	1.556239762502581	5.281824129039154	2.0307531214952066
8	26	1.949022948564256	4.855872891387086	3.0780983072749226
13	22	0.029211898136065916	3.767758781867726	1.775461611006531
28	30	2.067631782834076	4.039185207981877	3.300000853763401
10	13	0.15074828346563884	3.869642151719776	1.6390718244587648
28	22	6.2389705129422035	1.960128891423177	4.71389016896661
16	2	3.8834026329113143	0.9191287341460608	3.9246910675577413
24	13	2.1157575174668373	4.21875734806141	3.690070800209531
12	13	3.8094568991072055	6.078749968838086	4.029047096387145
11	6	1.7096425569835876	4.50249045245735	2.376872994030667
14	15	1.6372362310920447	1.730206868233436	3.2878407964864205
17	29	4.604666881673793	2.2989707040324143	3.3537583080618503
18	29	4.69603857323472	1.2751236043718839	4.569294194170854
1	4	3.8506282136484637	2.0352628873879115	0.07342485702898822
18	21	0.6539973882425248	4.542883368322419	0.5334178604915808
19	29	3.439324690638311	5.198770656227502	0.7529895535926167
26	10	2.117467064954994	0.39571245385122883	4.985071855816464
30	22	6.127460141976757	3.554963511499619	5.142305050151831
11	27	4.402104716314035	5.151810040137587	4.6376999683622415
1	15	2.5298392120690307	3.333604761359846	2.687640383226541
3	30	0.7847943994553207	0.1187586978615798	3.5850203422210414
18	13	5.596704128077988	3.3463707198151966	1.8456038361476998
11	28	1.1069501259327423	4.860029502616651	4.991850658035561
1	22	3.396818549351278	4.94956941966034	1.2114653366114225
1	6	4.777852806342604	3.283375112618716	1.1069666582938635
6	7	6.164337901208315	2.330349050204502	5.582753763907265
25	10	1.012692115215041	3.8392053008266327	2.1043643648103516
21	14	4.75012131213392	0.718146137814432	2.7991882507903227
5	14	2.6227667824889087	5.549962966515355	0.07858612988525471
25	14	5.290378628401428	4.042084254254785	2.496709522640591
4	14	2.8208755221034285	0.8758659389383464	3.6149805865099056
17	1	4.000931599738177	0.17100260169936754	3.2074511063841507
11	12	5.437734168991267	1.7196925953310966	2.19783659359172
19	23	2.0992903598330335	1.6654525498841564	5.434606620465811
1	11	4.463656531053186	2.193785355641731	1.4768309426169257
11	20	4.845486345213297	2.9281770551652877	4.5048515185695965
11	29	5.556633828532858	4.1439854138609	4.838630101564109
9	22	4.000838040475297	4.5677867177146485	2.4746999459656576
8	1	2.346345829166932	0.32903389359355245	0.8828953986400269
25	2	4.104007602979516	3.932106567127344	5.982214089230856
16	19	5.617694022331509	2.57027729559903	1.9225262933724276
17	19	0.2850282127013236	1.2937824423983018	4.9179991147701925
27	15	2.1130627280708874	1.2273774290260917	5.61447651255759
25	27	4.597088421206119	5.985801697859253	1.2880125759738383
18	7	4.856894740228164	2.7258879758500902	3.7512228564383876
24	28	4.215587098318194	5.368239073981754	5.522620180980663
19	20	1.1421344701286849	2.0018148139977043	1.1388390370880024
24	21	0.9213164866834874	1.421334069914021	1.1561679598552643
22	15	3.6978646908275277	4.664208455806046	4.871212059763698
9	5	1.1130974206274267	4.782711403826039	5.956595316739023
24	9	4.4874418581738125	3.6975650647239156	2.411626644607343
3	6	5.928305749644022	2.191050478453031	0.334078973710054
24	21	1.7399789933061025	1.124281868262982	6.245666701576436
15	7	0.14843723995583047	5.101994503220775	0.17928482173875385
16	22	5.23144058561447	5.575066797622575	3.1688422142620665
19	12	4.032768226955889	4.688369344366664	0.17197237635640655
25	7	2.1535450742113778	1.800668761298186	2.5941025702419145
3	28	6.076038228035692	0.36065717908364353	0.20932757497527998
16	19	1.931136175883286	5.375849786670509	3.868841187606275
2	10	5.661021076703781	2.2786784850864463	5.4822646466699165
11	23	5.306067163320147	1.9055786585868182	3.91396020995931
27	23	5.2285239223983355	2.9789716524899217	2.695974501083134
16	29	0.027905951135388643	5.193023692144429	3.8566999886394835
27	30	5.336129343367544	4.3597792397796065	4.947424179981004
26	30	1.597955147758006	4.877669591234343	3.955312119684602
20	12	1.2129617200672267	2.5222271555004063	1.5058318403499023
1	14	2.194918517774848	0.8147887264760063	4.7658629091678515
8	18	0.04582285466135331	3.6411726424741877	0.14420509768601036
24	19	3.8395634550308313	1.8424447769998449	2.35608019821625
8	3	6.178602076791986	2.628810284661533	6.0614734022910906
20	29	0.936340042107429	4.207977098105711	1.339556472735435
18	21	5.7738211320779	2.052046981983303	1.985503196015139
18	22	4.407178837909042	3.5354249685734698	3.7877597216189356
27	15	2.61208776255291	2.59735648456978	3.9375034822717714
25	21	3.9804240766515773	5.939758017368685	4.435432992581708
10	11	4.0850774367672145	1.5689797999861526	0.05257238823283203
4	30	2.7251216475739914	2.2796654029062324	4.009959947747403
7	15	3.9026459921575944	4.784161727236161	4.832589759036862
5	14	6.060612115242348	1.2611769597815294	4.970464166560159
2	3	2.0453608157790457	0.2670162023949628	0.7962132557294086
26	5	0.08028643351778879	4.492151478293581	4.472054589183449
3	4	1.9725371461601413	0.467297731909173	1.6753558097768977
19	22	2.828658840077153	3.7400181966852535	5.369134685838714
4	15	0.7396561264042875	5.740134440517744	5.836196318792955
19	22	2.1540444629948077	2.676392292945047	1.7546952639895204
25	21	3.502072912586939	0.11602296214952296	1.2615263420891085
24	5	3.704433957553331	3.4325714238905025	0.4968179446362041
24	6	0.7812366628196806	2.4221846974696075	5.659905989955696
18	11	0.1576222428053883	0.6790583726663468	0.6038306430228053
1	30	3.5759213812351893	1.549999297327713	5.999334611123111
11	19	0.7419565433496383	4.387726239217166	1.3581616164115484
19	23	3.2542316221520653	3.469504187331173	1.4517309771860827
12	22	0.7298073019656209	2.9098035193605063	5.152087843893487
4	29	2.9245055699840834	4.84476983522166	0.6452067583627504
27	13	0.651356926436909	2.533873484264545	3.9113078376285864
21	23	3.229799699585944	4.714331285984557	3.7875451245934157
19	23	6.217305479496056	5.0576543630505855	5.109715608729253
6	14	1.1320877434294696	4.020605209989623	0.13525684163889623
5	22	6.020522199751139	0.07661377159958274	4.367826535176798
24	21	4.2143036668546845	0.03599472625596639	4.5894599854237255
1	21	5.365097426996441	2.515714735102277	5.458404631734044
10	23	5.569198541158265	3.0157078601779115	1.6691691387602556
10	30	1.489469996274228	1.2259600026579422	2.2638129984749535
8	27	5.198676794903593	2.9468746437638624	0.4700711483525365
20	21	5.009795721279314	4.833503182379423	1.8057442736200733
6	30	4.126526926698616	1.4812405856068107	4.676440807438159
1	25	1.3671122490640744	0.19992914195845934	1.7347283744087973
8	26	4.135528586866113	1.591776290289465	1.4379728820976418
20	22	0.8429754107707624	5.2683093685109315	2.812442369539346
25	13	3.885608270541101	2.1592696080914946	1.2500139654097846
24	20	1.9351168370742817	0.5244690242979253	5.914040148910536
4	13	0.06363276737034292	4.168833290180058	2.523855011316561
9	7	3.5406357037888423	5.341397316348186	2.0297383643330202
17	10	3.2939634820546844	5.776595589301419	2.063585805490433
11	7	4.569021490647659	1.811963269503955	6.036838915259572
11	22	4.40065360089437	3.994059285474243	4.667840291908215
14	22	3.569282427756405	1.35210834361674	5.5907178400723865
10	4	3.40169612359408	6.066240072541622	3.892353042329491
5	29	3.5703667286862757	2.0697463964986436	2.173672540544804
27	21	3.9010501193207845	5.75051878806127	1.3134797940287486
28	14	4.6730419651075605	4.3611213997392335	3.2037619154054906
18	27	0.7436469630398219	1.520457627060836	3.265027316491705
25	10	1.8638892296265663	3.0057233538481767	4.475744489052278
8	24	1.5864655798897895	5.780854157051869	0.35517806118815254
30	14	6.037218090217536	2.524376116735502	1.4304673111237298
10	19	5.904101649426906	5.451258520794164	3.8769360496877447
1	20	0.9080279923899878	5.438326996384226	2.725376351216551
16	11	3.336385311867296	3.9336086930373817	1.5172477571644383
10	13	5.840391392455945	2.3838680485606343	1.1508401166081264
16	14	3.759447266254496	0.8974326685798326	0.5556307265705935
10	11	2.4863448365004808	5.39816795548573	2.1835565037519835
12	30	4.956290322003947	3.022010463564697	1.8451514780072964
12	30	1.8160543635098978	0.9113426022664184	1.5791717590962397
8	20	3.786101363953425	4.239616061383018	3.959415835886576
16	25	2.930859662074654	3.251513314960841	0.8926799131972571
3	15	3.0416776191300254	3.4696714996530464	1.2664861282831894
19	27	3.8469854204048293	2.6603605101196197	5.9308675397375925
29	30	5.826425603063571	2.202784517989293	0.2010005071415628
26	30	3.182179230818395	0.39362385824153173	2.399069174256023
11	28	1.4157110544802503	3.5930495420926825	5.176819783497276
11	29	2.5920963982141862	3.5132335167246103	2.4642990418079966
18	4	3.7585401198620754	5.475463080171567	0.766621406860538
14	22	5.67843139583659	5.621959273910701	3.6708508775674558
8	10	1.8552646456961783	5.620523810515574	1.1121678623705775
18	30	6.042211192166915	5.016349372626886	0.4829537554057659
25	15	6.120124271292877	3.6199941144300793	2.801532287752284
5	30	5.533383131251003	1.9883210671068074	4.184976649929712
25	13	2.4334448211684334	1.0524253694901609	0.7654921977295462
26	6	5.041790469963219	0.70782111954799	5.551209022075193
16	9	6.260385055539812	1.46202883451786	4.318912183510518
17	29	5.807726101975956	2.699310812056456	6.274636109676772
8	27	1.2729845904082737	4.407997839441271	1.0565658733377297
27	21	0.5051615794323804	1.9967545585479	2.941560938573306
8	29	3.9301258162045194	2.2763113140930153	3.4843489578570055
6	23	4.340142633111636	2.0711778735586766	5.5112241107444495
16	18	0.35214406126213815	1.1564336827837551	2.2690862502903206
10	27	1.0328955153254629	5.4060197654293765	4.352754485828346
8	13	3.997242470784087	2.553374107662458	1.6273049563900124
11	21	0.6997799559182754	0.9110626561939901	4.887804936886726
13	15	1.7926206410382917	3.9681823565147805	1.7523076245748939
2	29	6.185142013651753	2.0331289168732827	6.052344797740044
16	2	4.470353094473333	3.9844205788554428	0.9027239924402913
10	6	2.8626491196465613	0.7760599992368822	5.543447205955753
9	12	1.8693995883695471	2.898990136526145	0.8707479823621915
25	17	2.6908281486314665	1.5358332306447284	5.830708730124728
16	12	0.8761249702716258	0.9879844853187368	0.841992023886686
12	5	5.419612276000293	2.3310480877706214	5.62390388825979
2	30	3.613687774832324	5.858225083030363	2.0486876750187584
8	20	4.080808377502862	3.8418333902010398	2.0524653299012683
8	29	1.0900270023726237	0.23836225626049512	4.079481086510171
1	28	0.43805732534179465	0.48594105832841766	4.258063011970431
2	6	4.736508308424884	1.7764982104776645	1.5202662392742714
24	29	3.7418028349645818	3.5745572428483645	5.45874176641797
25	7	1.918941939907783	4.421344037484806	0.8944862294799146
9	28	5.18579111774734	1.8633992894665812	5.051993096797468
2	26	2.505958156616667	0.026401576158632863	4.829718269242172
27	21	4.083676441381324	2.6298796335537777	5.515071804300899
8	16	1.9073920403671032	3.6420046552737135	3.694533759536891
8	25	5.427141250368866	5.341226612026426	2.3022521940133793
16	30	1.3787196786088873	4.814568059018936	3.1113012962038975
18	11	3.0416321001285125	5.430717522959411	2.3485007173781143
28	14	4.696147551760136	4.064995169477013	0.7219603564071053
6	7	4.493733892920553	2.631484212162729	1.4124438228049458
18	5	1.6868094687982198	5.596940074566134	5.154123993510128
8	30	4.470013065464404	5.856811626061026	5.614257776898927
2	7	5.8113977478951595	4.1629731097688865	5.869480006164735
29	13	0.23855592425821912	3.9038048504848346	1.9952815986615993
16	30	2.1057557951544505	1.520642140032838	1.4862067358118063
10	22	2.794687221401887	1.1382311015797204	2.6789640404895683
4	7	2.97026319479349	2.1259292405163466	1.095920196166686
16	26	3.229522056687795	4.8388043620613885	3.9205038409251753
2	6	1.9406424235449395	5.307016220869382	1.8761790114309762
18	3	0.6825185589741285	4.924453423574173	1.2308065919748172
23	15	1.989656082523693	0.09769153037685642	1.3305747182138286
25	21	3.874119288293885	4.177713130853863	1.363698714900524
24	18	0.6635137816869082	3.7654597564748764	2.7826394799545233
26	27	3.070216976176386	0.8036672259530258	6.09915637221875
16	23	1.7244853907010478	2.1668323749366896	3.489740174003779
27	29	1.706572061325644	0.3750684931444637	3.876679575110746
18	19	4.010479527090533	2.0021043326823693	4.338767005253002
13	14	5.655044004345648	5.636894242284814	1.4846521513704356
8	27	0.35637167461787483	4.566490390424331	4.993821033826955
4	14	4.948327905247714	4.35753279295886	0.46719688447562663
29	6	2.897058105700373	4.1967611238249445	4.52026668674994
2	4	1.6553112975229192	4.043072361004519	5.7642349966200905
19	5	2.271483175339695	3.269499111399027	3.8875170970472626
3	27	4.964915511056183	2.640146032092942	3.1328722579720503
16	14	3.972139291005474	0.606639993170615	0.5990588455574398
16	22	1.2700308587503453	4.35842393237976	3.7950845591326208
24	14	4.74300384615245	1.3337641594427536	4.425023934892559
3	23	5.19968391792271	1.429137692194131	4.715230646788169
16	21	0.625604338990867	5.71362972561767	3.5655412735447176
25	23	3.3298641513942226	5.26402426228219	4.5310520507857115
10	30	5.942032608440167	2.5626671629565636	0.7069364452877079
9	28	2.102746736796765	1.4779510632973423	1.2746529174019214
9	10	4.016360870565205	3.5252744520068107	1.8997817702655413
29	30	6.006317691131996	0.8611241673887559	3.618155420873382
13	15	1.2680004155869273	3.7498827252956994	2.1447116342128383
17	4	1.2034352270835722	3.9113170954936214	3.0258547146238275
18	4	4.521227253225821	4.0324398854150525	2.9473403922488255
4	21	5.749971400742632	3.0719239973919477	5.142868750830629
8	23	5.247003003466066	2.1972447857442914	4.82933868585317
16	5	4.3751233095418565	1.2348717463853967	4.677210294086662
16	14	2.3735043129387643	5.0225550434593185	6.1790218976672415
18	21	2.099835583784506	4.127447974456957	0.8719008406264412
15	7	4.748618248650371	5.234226448807606	0.6038699826358854
8	23	1.6775602467984883	3.648350425318034	3.035488281571155
17	7	5.9281987140575945	5.445837992923328	1.3618411623837623
24	9	3.9342675392349578	1.8130673528441121	5.095764355632055
27	7	3.818651185844482	2.4128615559360025	4.990767246929169
29	22	3.446689883975287	2.197882683253392	5.0106765698738025
25	6	4.457844075115942	0.0649731713505516	1.0333028677029785
11	7	4.525174265195711	3.954931342897621	0.4373528539489674
20	28	0.8447460814879946	4.344285218938954	0.6469551683987835
3	29	5.164086350440322	5.164814398617451	0.6834412936759442
8	16	0.03504133951671806	2.8009562922148703	5.482498851945308
24	10	1.5526011522751257	1.0122248399118048	0.1429130737606729
11	28	4.34150294861635	0.5462895428872194	1.7946576976307411
24	8	5.763840634974516	1.494309734433689	5.7326342333823375
9	20	1.4699469874709399	6.087174147391501	5.123560800186505
8	21	4.097199742645386	1.159012241558217	0.6987584743516814
29	22	1.2041418813020817	0.5056739790851698	3.6451315758613707
6	7	5.709228333240364	1.0836144612611305	2.7737877560989084
26	29	0.8176096997015828	5.836803540444644	0.22897862266788452
25	12	2.23539220784592	4.467636961190694	2.0714605297540087
4	13	2.6882907985186053	1.3279279938549005	1.5132315690311697
25	22	2.2510640751677844	3.3882097551675403	4.972790054888207
2	6	0.8317290317894179	2.18029695937307	1.8617491342248318
11	4	4.824332041952034	2.8410683040841693	5.503415395506473
10	5	2.015863056436457	3.979456243135737	2.345876765567335
24	3	1.2259210883402225	1.7276921302127959	1.3208936632573332
16	11	4.011780711731611	4.1538663809786085	2.0221164907996565
12	29	3.893677076598153	1.894432163571579	6.251841234390731
19	6	4.348837871186178	0.05748681270966216	5.485429133662542
21	14	4.073468111154047	0.7415954967352684	2.8638949301155097
17	20	3.5692353129176544	3.349714730249682	5.096170897048147
17	26	4.672729490602482	4.569187744121971	2.6701414476842884
9	23	3.717098869114295	2.1241142402145354	0.6905679742756986
16	7	2.415221437497132	1.5912859651817528	2.9469990219526196
11	15	0.2264086973962048	3.7225913871590848	1.6036491590203066
8	23	0.1644038504611675	1.2244701962434614	5.088401098664221
6	23	4.974930967598175	1.51379751387092	2.894887160922271
4	5	3.2460885088296862	0.7239511548099524	3.9500752181023255
6	7	0.02222294677556599	3.238687838658078	0.18962656854889928
4	5	5.035712697132646	5.2831039476104324	5.233666688525787
1	2	0.7248603159627327	0.4120980113495598	1.4368026603751867
16	17	2.8131206149172256	2.5430970273817137	5.740176363740682
1	12	5.759332520724865	2.0064532481967228	0.7580985819573437
8	9	0.1557367295496402	3.8505887279119606	0.9076273922155582
16	25	1.9881154445003413	0.7388374551817644	3.576359708869101
11	22	4.386164723730242	3.089306986054135	3.0092852640562198
19	15	1.8555852458883768	3.7538444128725126	0.36342302518133346
27	5	3.6655408021153937	2.547499769574942	5.1390691517356375
15	7	5.8669056721085235	1.2849107049113284	1.2109137576973465
24	7	3.249349635130773	6.257726577710724	0.35626675455088463
28	23	0.4613140876287865	0.4919682444476025	3.784599196446174
9	13	4.180370315017791	3.4906449636842893	1.9037840777963149
6	14	5.1487150642570505	2.7857724314659054	0.3356762159253723
25	26	2.3314026275313977	1.959165878897517	0.6175539275980818
20	7	0.47279766240012383	0.22157620971182548	1.6774996227895314
20	14	5.521232265259078	2.2052149849146376	0.9494084959058807
9	14	1.1016865443836938	3.861677549405083	2.2184801230152558
16	21	1.9979629669797119	0.1257682217054076	3.7907975666443527
25	23	4.704419501466594	4.321999449888662	5.239235400073928
10	19	6.243113967341801	1.8547592176481649	5.4100740006662145
18	30	3.7212564321036665	2.1770578182800153	2.949534169860172
27	28	5.13860746287013	1.5756725991331173	5.186033782456429
8	9	1.0888110347612459	5.227277668540558	3.557463523707859
8	23	0.40089422714608813	0.519722870786316	5.683345428473138
8	17	1.937642466461575	4.072498198056687	5.837175331939663
13	14	0.2971733973354263	5.641381300207556	3.8015739043319776
11	6	1.7401664321416177	0.11999433563420307	4.778166537873481
4	6	4.757330318890784	4.28727048134191	4.8589444541345275
19	11	2.3233755250701047	2.184944419172987	6.211860948917447
3	21	1.8489323895864251	0.49429219965097837	0.6362562744775834
16	28	4.629223951028874	3.482468830536521	3.314445567531035
11	5	4.447243466346459	0.049956443810314194	1.9262079568106438
24	5	2.357127496066508	4.6996045951816035	0.15417385786757323
27	22	4.313629823696089	0.06939972040582579	2.7435248558759957
18	7	2.6571598794104947	3.8444603362475065	1.8986532398739169
6	14	1.7389657405615786	5.450874509962896	4.096769907733373
17	10	0.21832514004094714	1.0165212064330191	4.528436113762425
25	3	5.590288995158478	4.758386304126865	5.395220043512508
27	28	0.41656295037819036	3.7979329945849267	0.4615839467268714
17	7	5.758849617245467	2.454895021807887	4.282180509773137
9	12	3.663733973715168	3.832279440376703	0.6031669156514138
16	11	1.1620186796092418	0.7230849109063209	1.6302786557200286
3	30	6.188881909004768	5.459579576901124	0.881384255998275
17	3	1.9216866379780089	3.2598823890459765	1.5377026678138004
20	29	1.2470991953933128	5.388855635515383	3.0450198261101646
23	7	3.7736980111616085	2.9940532196640546	4.8729762378598895
17	26	5.011337585197484	5.780658665679836	4.133484225683555
8	18	4.854456760395333	0.14076212405331814	6.071838475079647
25	18	0.8690473953181431	1.1380708777857982	5.113381166392903
9	5	3.8607247206105506	4.050817439347742	3.280674828504483
19	21	5.911202001213542	3.4538473250080868	0.44316083293117975
3	23	4.771429100234608	5.1678110912689235	2.0780678805641712
2	20	5.657137009841202	0.809433544528146	6.254408482840523
11	5	0.08354148633472763	5.599597637058645	5.647096259667151
17	15	1.6614193711886789	5.863765143608361	1.7026303619103178
7	15	1.842275261149404	4.189315328007097	3.1461825122645046
20	28	5.372200651354218	0.14161506658804277	1.805703434687339
1	26	0.8039439714263612	1.2775034815543393	4.3518477027669284
3	12	4.578795625726243	2.342360288208295	3.365891173675365
18	5	3.4824562704433997	2.825637490932976	0.8375751586310785
28	15	4.436676079999081	1.0265245176036255	3.953369024860753
28	5	2.230459420993652	3.0853145231460086	3.5326757889491263
20	4	2.925892352963053	5.214806732334233	3.0695312863192408
11	13	4.612033900071638	5.259509032811023	5.805795129301211
18	22	3.7902009809174966	2.103303785934138	0.8103028174525158
6	14	0.8048026058106874	0.7598249883839601	5.307270430224667
1	26	0.8970725399263083	1.1064599748169186	3.632374410784671
1	14	5.453498922005381	2.7070407211699776	4.015225702519486
30	6	2.3687023768974553	3.1832560992581795	1.957142777811326
10	4	2.987728569187028	3.939626937686241	0.8439852411635311
28	13	0.7633199318248709	2.0359814806044434	2.9253929558725615
17	11	3.4430845008836712	2.7190880595274067	4.8568145416190704
26	19	1.4683723235024613	1.4224913592077897	2.1725655828476214
8	30	3.1505005875525867	0.30931578777129165	3.94635598973984
21	15	2.504080059921285	2.028867256159881	4.288218807014081
18	13	5.847222112712612	1.2699703263997406	4.560454724219857
