40
25	14	3.5346535968246835	1.2930968250132213	2.506253925803241
36	15	0.4831856233615067	2.3865788778214694	1.9277023747062858
24	32	5.993504058867045	2.1192088802447007	1.0576289820298113
9	17	0.49615791746966215	4.2040724838873675	0.03386810052513227
8	35	0.022193547921315646	0.7975719232617305	5.9037991306493325
1	25	3.2176849437807302	0.2646668649951446	6.031012815496097
8	30	1.9988824188049026	3.7219331242459472	2.57216266575482
25	22	0.22477417772543626	2.2578247201308863	4.397482608932679
17	4	2.766328507902082	5.9368107077572985	1.1442493862368297
8	36	5.993015809391694	2.023530823319778	5.487014816808978
40	29	5.194238253614371	5.022450521748359	5.962288015360908
29	39	4.522055309092984	4.142197312136082	3.000471304564233
16	1	0.6756148630408024	4.914848066621178	2.328330715658974
6	23	5.853207259410254	2.3494293165678877	2.1943711671627795
33	21	6.091026105510573	3.160878863884783	0.803322725338027
28	21	2.0392199991454656	0.6934043389621924	3.3977779519803284
32	17	3.507673714472933	6.230968059041643	2.4142390670091505
24	11	1.352681317807513	4.17740080401047	1.8315924182118608
29	22	1.9627818227123381	1.6981985495293779	0.13328637541416652
10	39	1.0860126037183166	1.5573628558723716	4.9869402271565635
40	37	2.6430238600689258	0.6734122687916104	0.3728132316964115
8	15	0.8770517233774955	4.741739858314836	0.9165414200149564
13	5	2.0462811226709365	0.6374150365430109	1.340835124840859
11	36	1.3835365026661632	4.87665738562932	4.455868818156761
34	19	4.1473392872433905	3.414393914280015	2.7369706570713497
5	30	1.922156640108448	1.3222340051847792	5.446741023492876
33	5	2.920042648803341	3.947201662159839	5.839759416171953
10	22	0.7656187806389408	2.603153069637895	1.7929977193009485
12	22	3.757919660298762	6.215265622753656	1.795929207490158
2	39	0.3065580583017735	5.837343996542334	5.7599088418322335
35	23	2.9283335349555815	5.52286845252483	0.3614398631630457
22	23	3.946435044479963	1.4288969186916092	1.1264722192931775
20	37	4.024805392622294	6.171838818208253	0.18044871532013315
28	5	3.5777426608621283	5.146673035682282	0.6596405714668014
3	31	1.5871806839415714	3.1560034223367235	1.0236541623844244
12	29	3.194950079516612	0.33448083780366133	6.111814330396762
16	28	1.9786809589650258	3.0232332822637265	2.1406574687532394
21	30	3.5851063015874707	5.948238921452217	0.5152056764571402
19	31	3.975977873043737	5.663060554282449	3.902571670873976
26	30	1.5003820924575233	2.3125390655707725	4.408083375591586
25	21	1.9577518300772183	3.732685241833403	4.899891124401221
27	13	5.7854472575880775	2.695754529338537	1.5417386244161455
32	28	0.7043627481133518	1.868838021045408	4.624328150316562
34	36	4.789427728845177	3.4375370606207705	4.700686712925114
34	36	2.679026052038493	0.07010578228730908	4.6440685436281575
18	13	4.872367779597299	5.845315094480375	3.7568256347474893
4	31	3.4282556582214165	1.9006938013833785	2.993504064447688
30	15	2.7307207086559444	5.118765680578235	0.19023714667077374
22	7	1.1273948951279438	3.9399534416773534	2.799519422766468
28	5	0.74567694516011	5.876194527580356	3.876411056829005
24	32	4.800534631154148	0.3022733903193529	0.29789809664607303
27	22	1.1328042480136606	4.642522997405109	0.7652430107690128
26	15	0.8876882581119966	2.2689250300966575	2.31805230306325
18	37	4.998653823931793	5.034718548595972	2.380950739777317
8	31	6.1054942302896675	5.67060876243265	2.494152504886082
27	31	5.324287493335021	4.245757443338306	1.5050007635383673
16	12	5.22765614293713	3.4020593867408584	3.082017298386591
2	31	0.3828038258219951	4.026666772935572	3.9177146732837236
36	13	2.5174533235972585	2.9056907725520817	2.8652578074806505
4	22	0.2217920906764605	5.826934619208541	2.1560431161365545
12	6	5.896249814685388	0.6716539971900218	2.245365799833672
9	29	0.04847296781157916	3.2120035413025296	5.423922654108364
32	5	4.58735478647354	1.2542328789303543	4.977937825659697
40	1	1.5571674063886447	5.605146920445222	1.937179371705641
33	20	2.353109465039587	3.769357017907279	4.667842815793772
9	36	3.0077531604658487	1.90812700936746	3.8819320828293997
11	37	3.991586030282208	0.23196838056868674	1.8162159978210504
25	30	3.4560723889157763	4.146264757086326	3.8725444621050102
1	25	3.255599856585103	5.323174095789444	4.067518837733463
33	21	3.1422481348836624	5.424716147319857	1.7934290375450785
26	23	0.570014024425568	3.7955027050853176	2.5365671854686203
17	18	4.658454256285026	0.5748905846595225	2.0940436879289566
33	12	3.290860507072591	0.8789581374291812	3.730017410873728
4	36	3.2880356731907545	2.5100523587742334	5.100786746911059
1	14	5.155848205314982	5.7898547406960015	0.6589347530394678
36	22	0.4978913370497571	2.226035583199826	1.6569483189528633
27	36	6.015612533624361	3.480058075305971	4.7034181745035175
36	6	4.712126550020739	1.8154235806450203	2.013552360850322
10	21	4.67727698837615	3.5293270472694456	0.6628134295113207
11	15	0.02071201412876798	0.9743311391240895	1.9060648063605143
14	23	3.6673389416477433	5.14646117796169	4.837863345462151
3	15	2.443047378392218	5.648310563106343	2.5849646042588743
1	30	2.7064216932073726	5.491651902533997	1.2695874593493106
1	6	3.2141337203503406	5.695219487397671	4.951413406467368
8	33	0.6779751431460452	2.7340154541767814	0.3522399397591074
34	22	2.546530870687242	5.453853733878007	3.5104620427204747
34	38	2.0812346650952884	1.7798476988194003	3.7995717058437033
17	23	3.4179474039653086	1.1129232240788918	0.25621614231728956
1	20	3.4105150227309093	1.9841899390764866	5.60266741016312
1	36	4.1100443755633025	2.462178093783382	0.179067994403727
4	21	3.0461525291219766	0.009517097099097224	4.681014236418112
4	14	3.523268995465931	4.957254108181938	1.7533699985724962
3	28	3.848500313993927	0.6496788104339674	3.1063662688307847
12	5	0.9062127541337829	2.425301928928435	4.951119521824851
26	38	2.6356387756953286	5.49880256922027	1.95990982704594
24	4	2.690225877642058	5.076972692984319	5.469229111397652
18	38	1.8573237357190318	6.21367820369794	1.1062665710406656
1	6	5.750095555999508	0.6008112304406463	1.8668447789799683
37	15	0.2585233687175671	0.10018123963910072	5.47943678847779
2	27	4.373006135284249	0.1860873042267266	5.096854088618022
8	29	0.20541245032289476	0.03206410891607988	1.5487512958387766
10	27	3.84313763366642	4.653565704045424	2.7338788661846123
10	29	2.2271272513406872	3.3998882765350764	0.6233231507161187
21	7	3.100998201481709	5.28783659379387	3.736214360791706
9	31	5.459006187414452	5.442724388854426	1.0655874788943698
34	11	5.454886648000451	1.0413672990017677	1.0222575221632628
8	10	1.7503537533613187	3.819219364627311	1.7367925596653917
18	11	0.09372887668120804	2.713672286963434	1.6901513640307047
11	4	3.9890432858183242	1.6530361539702516	3.235445618705271
34	4	6.121902752270858	4.248095163966006	3.8826443863575504
32	1	0.7183782390587162	1.661238494907126	5.358735543652632
24	34	1.822105140873474	2.0413430224900027	2.5588557378829058
32	15	3.120687059568496	1.1263438205635032	5.735104087171905
5	29	1.2829473185282108	6.05272873848434	5.630212584772798
26	5	5.103173214317839	4.511046521115812	0.8945936071578582
9	10	4.618817270418523	0.7147018046359296	3.674528725561073
8	33	5.71396517232341	0.5492831902047692	3.5485406567819484
35	37	6.019711558852894	6.044260845892453	3.3716589428540207
16	29	2.4369251123258135	1.0988606228713784	0.03048602031035529
24	25	0.9669539788477785	4.662604337951809	6.0902743068478475
24	27	5.726211291305034	0.7070832113759079	0.30949838924470857
31	7	2.990707107849606	1.885064766033691	2.5905071996963733
17	5	6.114132726201943	0.8544574699919467	1.1255383406799069
25	7	0.573819757883647	3.1700101583414955	4.387033482364879
33	6	2.9075472079371116	3.229088634757597	3.610447332796946
22	39	4.580548079140836	4.657523868753114	3.8894843650155564
18	21	3.91334712739166	3.5026765178779202	5.240495302893512
25	10	1.4441808472426314	2.979849600871647	5.157902283118081
27	23	5.0456572854393835	3.367557016189972	1.8864972278445604
24	17	5.618266240757543	5.891966448078085	1.3437737527265392
4	39	4.958999550744897	3.2757660108040207	3.1944732719892723
33	20	4.921814206784167	0.6751289737606909	5.177206333463331
15	31	4.712927310007857	3.631143569416747	2.404253332271065
21	14	2.2530369548600175	0.028195812531073335	5.651917958972243
8	33	4.536553683947779	6.235684794708512	0.004599764411004952
20	5	4.366138486772128	2.6675849010098043	2.6345305069054903
16	28	3.8098077586510413	3.773736391585284	0.4307909684346052
10	7	2.4037805804252304	0.061874123664570284	1.3042596038942469
17	27	2.1354051792123627	0.3256360766575057	0.2777726311089974
24	26	2.525049332602192	5.639762547808243	5.860842314466039
40	1	4.513765582323943	1.178653974629673	3.610226294374055
40	14	5.398155267529075	5.716130244450019	3.0942892151455195
34	39	1.7681141943252785	2.046489986885819	2.932549838008162
24	9	5.74264417780867	0.11537902115436414	0.0008770509877512385
26	36	3.641739101882835	1.134612977746435	2.5569935063904508
40	34	3.5414294516316014	2.206010843527429	2.735596370756222
20	39	1.7585786072300067	5.32130498509859	5.66687976143851
10	13	1.7775476089535107	2.4496213192930094	3.7526100496461603
11	39	3.101956263602913	2.9814961406093374	4.58444469122736
16	31	0.8771252451780114	3.610978646507772	2.6665568451868316
19	21	4.390980858015936	5.666942883717068	0.41774947991607536
20	30	2.408675027797007	5.362843126084125	3.7191838697403825
9	31	4.216012209744913	5.463094005136093	3.953998027464321
16	12	5.173181533277786	5.497419557088936	6.041595845504231
1	2	5.114104236862201	1.2334164084326409	3.407237673341252
2	27	2.149380607782465	3.431563571558966	2.184214738488893
32	37	4.165354110153833	3.607007426743563	4.706462550879231
24	39	2.781888781383267	0.5098137971044308	6.047591048753656
13	29	1.050634082446867	4.093223023542578	5.89367050676199
10	13	2.3855395000904474	1.20201248938327	5.08873001385386
16	17	5.946966027795706	4.061783419025032	1.4560116137072272
38	31	5.803005623509673	4.900914461209937	3.230875074593532
2	12	2.3245124516694253	5.091639403368259	0.7405191498350945
40	37	1.0817001049761819	2.1511018302130247	3.830556072234457
19	3	2.563380639136576	0.6890063584730807	6.015772193404901
12	28	2.090364389260722	3.9774265608940906	5.515916208741997
1	31	1.2886574063582934	3.261162075956563	4.801474627788951
1	13	2.6794056628837475	4.836103844588355	3.5101554080198953
8	9	0.9302726336234721	5.064603001763668	2.869873962027715
40	39	4.116414590285906	5.673653218973238	0.5405263191010222
26	7	4.628496163527781	3.7710474889983923	3.717138240255846
12	38	5.607045965356977	4.005518608887983	4.717931501263829
10	23	4.308935847493935	2.8863573624457644	1.8563471567110614
2	26	2.587057912886162	0.10099852734831485	5.9629904947015255
24	3	4.292904069688762	2.643129091681699	1.2187870202884779
27	29	1.9313337957612131	3.8446850014785903	5.121004776264307
34	37	3.856337205088252	2.493920737759607	4.641925497189604
25	4	2.212343069822169	4.086138789357148	3.663783655401
8	31	4.503019996624913	3.5591656663621145	1.671889820435333
1	3	5.657123640246394	2.1854006170467266	3.9062783771218035
30	23	4.388688603395976	1.07702866851384	5.9781645919333695
33	36	5.1046785933889955	1.4988879480696475	5.612396567102033
5	6	2.4490478390711874	2.0964399407062655	2.313410038772645
1	17	2.5707866830992883	4.594468615083407	3.0318987240560697
3	15	1.3151894158831656	0.16758685365162168	1.7863139991329464
33	5	1.3564293497632025	5.8655430933889665	4.383543533724644
25	3	0.8818943477931191	5.178572405975719	3.5275978577637948
16	19	1.4637259995080107	1.7192956999580258	0.43672084552624363
24	26	3.5419405664103984	3.4708977265723036	0.18498969604400273
10	23	4.665689664032722	5.607545454878369	0.678160023623047
37	39	3.5766813783461346	5.409993705110101	6.151748227774976
19	5	1.9976455451298014	1.2436673289126816	0.05192664772544232
16	17	5.217935159836072	3.4733301080357486	1.5964118671310268
5	6	2.888955208177559	4.595199624080142	0.2722855318829472
1	10	3.1411091624685374	4.590693267094152	3.6791753317881963
40	12	2.1264756051923546	0.8056357054774149	3.88978118722868
29	38	4.553576518170051	5.006995015292207	3.791222405322908
37	14	5.481134058167154	3.452015085963514	2.9789007949922484
1	20	1.9442636283976338	1.7264088120877776	5.138107143894038
40	18	2.372944768372332	1.1168630020473522	1.2699438414971065
5	13	4.119459050998442	2.5339279284168557	4.539065287740663
27	36	3.524677013863386	2.406776208755412	0.6272517430590039
17	29	1.1720143390673892	3.3162024906484096	3.045745186136197
35	13	5.447268667794781	3.290821782316247	4.551146746562316
32	8	4.610972368628494	5.523339938793145	1.8460659601942326
20	13	3.3965721111845126	1.4444595268244773	0.11660829266659298
11	22	5.556244436128856	4.703874745726639	4.732935997624575
34	37	4.804735577041047	1.7073273408539167	2.2735378046781984
33	39	5.463241200659559	3.9804558518042916	3.7121700799630655
18	28	3.7603594532569597	5.036801400192735	5.067130713907825
40	9	0.9615101469647283	0.7427011206100407	2.134711102891228
25	3	4.771492884152455	0.7352396935492999	6.186220738483232
16	4	2.7638754175543045	3.867169710324342	5.026100920141357
9	22	5.517848927734709	4.806423766109259	1.2775761994084123
33	3	0.2931004507143507	2.126500155957106	3.2845807983397326
25	15	5.285620753193238	1.1826212217411742	3.1755915440534253
35	15	3.711306989215198	0.2537022142169017	0.2984139857891321
13	29	4.473435068211295	1.056739610007148	4.585486771407539
10	19	4.826927489162438	6.271719270241245	0.0416123756589371
35	22	0.7609346419468125	5.466208203895272	3.9150996081658973
8	22	3.550420076453995	2.567517677572839	3.099248037877505
1	19	5.264341980752812	0.2005382975628206	4.22762231976707
14	30	3.1962045377420525	3.809259489029891	5.094422892266249
1	34	1.9433251022218867	5.984668107580701	2.0308196720675853
29	37	4.262572357121249	5.667770066660663	0.4788560848413518
17	7	2.8040637399670905	1.5303097800979497	1.714274890060831
11	29	1.0144070902328113	5.94054601069905	5.934263781547152
32	17	1.556811110057349	3.846890669562298	4.796035388468253
22	31	5.16613685277667	4.150893914051843	1.6908815309557785
32	18	6.204195080460006	6.207867107157351	4.91578162003726
16	22	4.104537305276765	5.517286866811938	4.741206801418312
2	10	5.686328263862311	1.7256255318909834	4.965479859339037
14	23	4.171805671161925	5.366911666572223	2.946956415791308
8	30	3.438887776025851	3.4568948645506836	4.756458189560988
9	20	5.497245360730599	5.426211822670382	3.721175108567411
12	7	1.1323994380628795	0.9437333245463825	6.093244350435428
40	8	0.29420618674132737	3.9852585281517907	0.1870161998236721
27	36	6.171466273055233	5.71730043026485	4.263307986230501
36	14	4.42435994936733	2.6756064204622354	2.2478963910609693
11	20	5.253357188282609	3.1120489846764725	5.1393341054316
26	21	2.4143758258387957	0.024818658777955544	6.166565290901994
40	38	3.080736231644517	5.90392495776162	2.575386729219422
3	4	1.5208718973275042	0.440344368372165	5.122511921044017
2	37	5.056613793374261	1.1112938623355455	5.8979436762392305
27	3	5.1944200857723635	5.639416892781276	2.8296833487455646
8	28	6.214625426624211	5.08187805130856	3.3770844305325634
19	31	2.9426754564178395	4.921875596944514	1.6443289634270035
9	4	4.975354999252562	0.29454790638843054	0.5782769052334302
40	14	1.9161633846560315	5.071671779054498	2.362616635683641
22	39	5.523018531165741	3.2507713779015917	6.200451723183488
1	6	6.095900160164637	2.26707098141401	5.426543382860086
19	28	2.54793718963825	2.297466376194956	4.921092698690259
35	13	4.465668129253962	4.225884413200582	3.391690113531167
34	30	4.710319639487016	1.9036440467710645	5.2004884359234715
33	26	4.121442070764379	4.3568530518808535	0.5000215593864911
12	23	1.2169062328719138	3.9899381013470765	4.173533343509286
40	25	4.0558461782944795	3.9472201095903414	4.212370806180218
9	30	1.0774235204440001	2.287070251676081	4.09035459783301
32	3	1.8273681823596308	0.8569123948137086	5.7693926544468015
40	14	2.3879009584402064	3.0403342600756633	0.7772368812039067
40	1	3.6131758098779962	3.802541500621924	4.969083346857792
32	17	2.3841705956024253	2.2189945496403354	0.6109100093965705
24	5	0.5458769327197458	2.8598852532048897	3.14755037330659
13	23	0.7494057284180291	3.0638779162979364	1.2495464144158885
28	37	4.769478486587695	4.725745586616699	0.978129796512751
21	38	5.019484391226703	2.2841490309109274	3.687560936978285
25	27	1.8546006325666295	0.5834756314031558	2.3936473871786026
26	3	2.1195879583027	5.1593162856575425	2.215884795199926
25	14	5.707952507185108	0.9243457165670074	4.933401304462538
3	5	0.39866168917313755	2.0073944890572157	2.4953379154153854
2	13	5.976231567731833	4.646379076774317	3.0726871687426445
8	31	4.406119888959443	3.3200922175423826	1.7730317398358462
10	6	5.199524570859593	5.938608615137141	2.538650796093153
33	39	3.5240728312900704	4.258847444100682	3.8177893460018586
19	23	4.962927148302654	6.051912338406302	6.2536062007462165
19	39	4.884210524684024	3.5641301788471162	2.086637207848023
34	29	5.973103217162993	0.30068625945248056	0.6347952257960585
35	31	1.3080502491464223	2.6121622710924326	2.1997397299847665
26	21	2.455861598585897	2.8503070881924684	4.4980655690803815
20	22	3.922656366927573	3.569737132706108	2.310210283292635
25	39	3.0781104997942648	0.6191019615309007	3.901164636797785
13	22	0.8151757024414891	2.986039955409724	2.4286288064760546
3	30	0.7339274494217608	2.891849605835379	0.28947634107674514
25	36	1.3135832231244549	4.7042363428116305	0.377026935060779
35	13	0.2944454638822453	3.494783093805102	5.772463524057135
35	28	0.11473016182808711	3.0280544635311206	1.9457606392931253
16	30	4.59889474132175	4.825174699420653	1.2730644266826052
20	36	5.062116512909428	2.805558984258058	4.542937075708574
19	30	4.3607355712125395	0.21166222462894682	6.199662058699464
24	16	1.9836298946140618	5.8653327764705825	5.78973304792711
8	13	1.7815828814362817	1.7357123618861559	0.47752620987368083
20	22	3.4845300460964146	2.5945652511153883	1.127411898059768
36	5	5.158018866140736	3.826929932292235	0.5660812847981
26	39	0.7271292714542192	3.7724190977598138	5.493048893020474
1	37	0.9012592044663666	2.7086716761471705	5.3080160956606655
1	10	4.242319860425702	2.056207053666898	4.163186267753046
26	6	2.3200080639269496	3.9728485139455163	3.292327550504806
27	13	2.2326502527064864	3.2639210751307584	0.35529133177708966
8	27	3.1861987117488875	2.8825907815996548	3.418375866353181
22	7	5.946784541800539	4.224528845239152	3.442491933519576
3	29	4.063150455005882	5.034183068330215	6.222219263690305
9	38	1.048136962045008	5.495230470949639	1.9823761084285954
32	29	1.7354109596004215	5.401262642578089	1.707913724063896
1	31	0.9249513985540997	1.697800991856237	4.612544226657989
24	13	4.310452558950984	4.362486842105469	0.8973114987703504
1	17	1.0294331463003554	1.6544990563762243	3.526855788795622
25	34	0.3539924834508786	0.9005932118799075	4.114332210262498
37	31	5.535396802781589	5.323210690400548	1.0380302519184341
11	4	0.8764116553312066	1.0252030743592162	1.0446811555490374
4	38	2.9301936537202233	1.1025438333290496	0.5179468277195519
36	7	1.1125859534934686	5.204161496186291	5.07707224659056
28	4	5.7870063734851005	5.700444611363427	4.137218023626736
19	5	2.079068533460054	3.0301193909600004	2.849756538872745
18	19	0.8930328043557093	3.804564276002156	4.542068673371832
6	31	3.128680330262199	2.016596554847845	0.18011160010478047
12	39	0.21965090325653033	4.027147154331737	3.8630590940980745
8	12	1.5601931487714016	1.333018730453955	1.0811020383379308
39	23	5.955492494802594	3.2447707310170544	1.0602766491460727
10	26	5.6785369411760325	2.4558224384977865	4.368081662709756
6	23	4.0427787366005274	2.577794198359585	6.2068378343094786
40	38	3.118086429169473	1.6085670295517347	4.524231414516584
5	15	2.633141819543042	0.7105478842725174	1.284527318519307
33	17	3.388988005483218	1.1872079270913969	4.906714953707155
17	31	2.4928943217621975	1.3210853241374472	4.1496385025240174
10	30	4.971194564397618	3.8240940108489307	3.8760119579292214
18	13	1.3704284378734377	5.527753862719676	4.003087257695008
25	26	2.067996933100402	3.300269117920914	0.4920829195382661
2	15	6.141172490282185	2.246493911479479	1.779719848976681
37	39	0.7017527720557475	3.250057795649451	4.7264563723857345
2	23	5.896091433761395	6.189538948332641	5.479683063788014
24	31	1.8196293159815164	4.997631926464836	3.7753948033441116
11	4	1.6653987413981077	1.8145258360438363	3.375644358863309
39	15	4.829207948374956	0.6328592039149175	1.7006101206356936
8	23	2.413510984900992	3.091760365799306	4.367316480574915
20	36	0.516007196775906	5.834774982261971	1.4304879020084282
40	4	3.0505636124287014	2.4432990361535065	6.257484780492687
2	5	1.5278105290066601	4.961536877470388	4.623567601951223
2	11	0.23866878249398812	6.174190563448377	0.08894399714915857
11	14	0.4153110311313202	3.926508632490161	2.2586199944458984
10	29	0.021255672654433098	2.9432359544376268	1.960672947501097
24	3	0.540458115491406	0.6600958600827614	2.538219876785006
32	4	2.492297420302447	1.9747883602235379	5.5760678600240015
27	20	2.0115467674089937	5.959579007437167	0.08138123361794276
4	21	1.5453245645197038	3.19969779149814	1.7660353032026457
9	22	5.566771900018115	0.16183803957881646	2.2352758654104483
34	3	2.4408131595254186	3.665921035391488	5.739331748207608
40	27	2.7150953424021202	1.6033723650762097	5.226814221516033
33	2	0.5844951813934717	5.611517875664345	1.6670653639590913
18	39	3.8664590318499004	4.7718943466314645	1.810444152401026
8	2	1.6977211022919931	1.0213903518769172	0.51632238404941
21	13	4.004590516193384	0.06971351005149032	1.6390667968557224
11	6	5.602247967196589	3.296296638985433	4.634700360005956
25	38	0.8341598681969155	3.1887171393427853	2.775088725150112
11	23	5.59241181169447	1.4498899038266453	0.13969383862331042
9	6	2.5918389747360298	0.41713285344937107	0.539190950359736
34	39	5.415933184281184	2.8482146443324106	2.887463651336923
18	37	0.670318336801226	5.60617763188994	3.9265417287487896
33	20	4.298836058008612	0.03722014588418015	3.5592611442550317
39	23	5.672893215140976	0.14914309875199758	0.9159986924689472
19	22	5.634568919371635	5.53054546703413	2.0143680511647886
1	3	5.480573836495034	0.9958723059608053	0.7999387615930175
24	3	0.09956579922680174	4.2176467291627135	5.074183886877274
37	23	4.0105717931619385	4.111053125056109	1.3057061065973898
8	40	3.79817658319703	3.851649018590352	3.979598219709738
16	12	3.3788764519756542	4.575576648691351	0.0037581222475686032
32	13	2.050574835963239	1.4221880197662742	3.436249816524906
36	37	4.757438176432552	4.3408126554749105	2.433972696317634
29	22	1.6567708148204443	1.9645352049506801	3.6453821767788748
17	4	2.911790039499754	2.241636101101839	3.20565538233153
24	9	0.1678722587349762	4.317908600358339	5.393019385097526
9	23	3.138077890353168	6.263338541969059	3.9919079486336266
34	19	0.15802284180364937	0.9304557386969236	5.969472797781189
11	12	2.099625023581599	3.3827827709661995	0.47389147726705416
10	7	0.28743208689171523	0.1790363703683354	1.8762843358482502
36	6	4.432914063896277	2.1452655814948596	2.832733787240208
16	9	1.2289739946099876	4.502707924100715	5.805571387019902
11	28	2.329816394809616	4.8664923625354035	4.544395711061442
24	27	3.8553061166543108	5.664168390096605	5.356958287060998
16	20	6.260430938449234	3.7535322966004565	3.9835914028311428
19	28	2.772109059130597	5.823312690140255	5.8514721169461295
1	28	5.740420854623175	4.659643431645242	4.5202805160361565
32	26	0.07223467864924756	3.1953561396688803	1.8668910588118086
32	40	2.779539124339217	1.4588588088980463	2.8090222018535496
25	39	5.756836526518534	2.545999296717041	5.257145229345446
36	28	1.139842067949703	3.660349326904963	3.821034236828369
34	39	5.987151810096273	2.8697357640047274	4.191277998687141
1	28	2.6135748242003842	5.229348290948793	1.8905034646241934
36	20	2.1144804890221884	2.9004444419152215	0.31325223273869623
27	4	5.080336495924998	0.07901650077852099	4.372330744757471
1	20	5.8651863037124485	4.209237848322188	3.3438478650622985
32	22	5.083682599742807	2.145239868789931	5.8046685732280645
13	38	0.8432709242299308	3.611995276368592	4.233693789867772
17	18	4.681985466256641	2.2154125137895644	4.100737862137797
10	22	1.1659110394829921	4.407331379202735	2.5138220942203833
33	4	2.5844308246322707	0.39096371029688576	1.7229149357348998
17	4	5.328139191291019	1.5482146652772089	5.316174022486799
33	11	4.472457200877008	4.786520625077286	0.9642860779528346
16	4	3.424597533235644	2.987726176665635	0.9233377271671791
26	12	1.076932888377024	4.356808802252181	5.242626824031576
36	22	1.0538487830465002	1.138648276273506	3.612884238855531
4	5	4.816465080942395	1.0888906394844786	4.751197998297271
40	38	3.083469582100002	1.6188650601836625	2.601238467312509
9	5	1.1307843018989496	6.0066564582705135	6.195866231579622
28	21	4.278760906092331	0.4000852112775196	4.713967373896767
17	10	2.1891135950772456	5.553526661197163	1.4513882748371476
5	15	1.1253696287386232	2.345499038711535	1.6575608501975008
27	12	3.689117618051087	3.7273336448961256	2.429808071198987
32	27	3.601921572736171	3.275747661590005	6.204958562397643
35	37	0.4601947110489874	5.066652427747985	4.760988685435234
14	23	2.9503520710129507	2.826274930389287	4.810888501670969
1	15	0.38819930541491676	3.795496810332443	2.774481972186854
36	12	5.972661225798271	4.428621175411576	5.561144149897509
29	31	1.3763882024820346	0.7688405174185181	4.021741697013249
33	21	2.449757213550212	3.149308624710045	0.10097012332328147
40	2	2.8327390452019117	3.829879099940375	5.639702191499651
16	14	0.4855593380277725	3.2464469694699654	1.5724804793377143
11	21	6.161956223720887	2.630453327099672	1.214592850761629
9	18	1.629555643812296	3.5151369340876792	0.47177304095037076
36	7	5.655098029639408	5.952859117279488	5.283512959436766
11	12	1.6298871796956216	5.880283860796347	6.207659458044672
26	39	3.2401068852257704	5.952788686789376	1.0721575578319615
26	31	0.30241162860400134	2.9638398890794937	3.315311733022866
40	38	5.668440245253664	3.254687649921125	1.929192936281209
8	38	1.8111682624050498	2.9746435386685843	5.614409327407698
36	38	3.224204327899143	3.298653628333934	2.6520768490864666
4	15	3.997158169228845	1.0167416738892383	3.6247187870983253
9	37	3.92926362317105	1.0522928221827854	0.24751541329580212
34	14	0.2653361433911452	4.372371801156363	6.034140334333258
24	23	2.7015263663389737	4.136211464639564	1.193798856862481
17	26	1.5403879134039569	1.4255234683793971	1.2655385774539771
34	28	5.707693721822172	4.9432012957187395	2.325649044166949
1	13	1.9133990550422326	5.130647894848258	2.833200186485527
9	13	2.109839105908046	1.8655782449428302	5.425749980002356
18	12	2.280416137974076	2.825965528168052	3.673563521050535
2	14	1.571375791897553	0.5503656042950851	3.3334603432268546
19	5	6.246302085754027	4.125347613508031	3.871590183594917
2	39	4.782578886775528	5.410500616510345	3.881018779848467
32	30	2.9049274763840054	5.258606458619628	4.691225078670681
22	23	0.6864661936868838	5.02160923921624	0.48958041647394285
1	26	1.5963890787018704	4.129815169152002	5.843788493204469
2	12	2.729704881264951	4.931533736006052	5.832797175806366
28	6	2.298395103470219	2.8328303476071457	2.7767137473066867
14	39	4.612419571001133	6.088003872871091	1.7641644855559846
3	23	5.115029263129489	0.6181161840959521	0.27942267796060344
24	28	0.20177882310873652	0.6962725121564012	0.2981411456705999
34	37	4.99816711005418	4.283277410161466	3.6845261752107215
18	15	5.609363205145057	0.7963981748888649	5.8552813391256135
4	30	3.4650547253300026	3.180309683130134	0.5871459870223628
3	30	1.2798410651691035	5.983508526608962	1.2734783732712338
25	39	1.5333012664868937	2.826433587589485	0.7581244150120638
1	36	3.16382004275301	2.065725151407818	2.820183231917501
25	23	5.396703443691258	2.3627685715325115	2.5617043629847043
16	18	6.211066995922395	0.23878886852753572	3.8167847080109194
2	5	0.03027593892982762	0.6314244899924253	0.83648843855761
2	11	3.572191007431512	0.7299208038230397	5.910109204634103
10	27	0.5217029731133837	0.09076686038853886	2.4805545182526503
24	32	5.943353406122108	3.4229867911671055	4.123969277814146
24	34	4.806469433306574	3.3119939544384875	0.21294380989411574
10	2	5.152786362888876	0.61581525613952	1.613775340957511
3	15	5.521841908436416	3.393706232464722	2.9645863872542786
18	28	1.6007390235075662	1.4913856217617658	4.264522659037005
12	7	4.408993485813181	5.789896883024376	5.910557633286712
36	31	2.1413388185756816	5.564671438653139	5.4632308031589485
26	15	2.829112894935869	2.0754775199033784	2.8862523277464773
16	27	4.8987555605645365	2.1489199637098966	4.348605066435433
2	31	0.3174980091076395	4.807885273520014	3.3828982579038267
9	29	1.9724945918629293	3.4770578732414807	2.1258765236398967
25	33	1.2297909558853581	4.7371768756541615	4.8146941844208975
38	22	4.752848553483788	2.2198313684949875	5.612640120155406
28	29	4.610781143144552	0.7152204949233802	5.007037662669624
26	23	3.739580067623792	3.6581219938324665	1.3053620038429012
11	39	5.082486766857949	5.967113627856829	4.538005483275246
24	31	3.0081078546332756	4.146533893709227	4.617451647191036
5	31	2.1684253085114693	5.295968329154104	4.789086073401453
17	7	4.620310560372608	3.249095380027643	1.2685256388989419
37	31	1.5685561694986456	0.2955173639179686	5.123267189762295
8	18	5.143990915380742	3.0045339228206926	1.4027591852637924
9	36	4.140881568758107	4.432058031436112	4.938849826392236
16	3	4.940857365149632	5.029865030825954	4.83088741876101
9	30	4.627380152369658	3.722114864510614	0.030570562147013498
37	22	2.890725327073504	0.925015569788448	0.6398739637630178
40	16	2.1005929483121357	4.5960014256659125	0.622718214689219
29	13	2.8921735297571085	1.9118367748126466	2.8424737698198235
36	21	1.952405502573608	5.926329806900427	2.428541519647064
8	17	5.858799518004091	1.847188566285583	5.470861092448227
24	35	1.637460436686691	0.021661744264987043	1.264029892552279
23	39	6.131208454080889	2.4846734680188667	2.8738884955022814
36	29	0.961397393004093	4.971614772654045	0.948497614392131
32	2	3.835952450223755	1.4689597148977998	2.9907521421794194
25	27	1.7646439604670996	3.071175320620244	1.5242162418516554
9	35	1.8080992364464556	1.1853754224399604	2.806319882068013
10	22	1.864316781014026	3.7339591476126373	2.6777108392773976
16	21	3.8807862897863585	2.1148200171533835	1.8692782153570298
40	30	5.692476365684775	5.958078903963427	1.8973164226078993
18	22	5.601083518915837	1.6331366074177784	3.197727849316663
11	13	0.7144978381047583	0.2938417371739545	0.8495767049394749
17	27	6.091497594066151	5.116701455991369	0.8179699872134569
32	26	4.440425005641052	1.100889863936699	6.041536206793776
10	23	2.681791348776494	4.149099323559989	0.4361480668534369
2	12	2.7739905446219044	1.8886340055893442	1.1572721854720405
34	31	3.7177119342864895	3.950848799438274	1.7199540471386638
2	3	5.494195059119333	3.682583955224793	0.3648947469478034
31	7	3.8425717694358164	5.34043639808312	1.8015948780484468
2	4	4.6791793785351485	2.962172407212427	0.16473919462149864
3	19	3.7573447458007885	0.5091026083099839	2.115353213700514
10	14	1.370085552474767	0.7730290208560172	3.0227982493008385
8	4	5.5252217516925315	2.5679627868846406	3.294423169077226
20	6	2.0812827728258942	4.686378530662167	2.479758434215044
3	28	2.971272546358021	3.988839453206701	5.280443095599202
34	11	3.541519310870536	3.6155608219685513	0.22875999383434567
3	19	4.7891372321329335	6.1105960761114355	2.6288874089199465
16	34	2.7717239800102016	1.4797933058974218	5.879520494298555
24	36	2.747643805177439	1.5708518119151873	1.6006925202516957
24	38	5.5526347153379945	1.6737473792220747	0.9421685270241844
17	11	2.5559772668786818	1.9659772328517575	3.710981932484188
19	38	4.117661581025194	3.0791866328382733	4.466103745399021
24	11	1.0304519553190026	1.6863680140246076	1.349178122657506
1	23	1.1104255291722345	0.4260245191205077	1.2303695441449642
18	30	2.9828512309423103	1.7844579701852161	4.678748834816575
24	35	1.1517351207043818	2.7612442727094924	0.5971250515794452
12	13	2.1548683468866834	1.0666333311058582	0.8956950712436325
30	39	4.471730392762008	1.7213302680247924	1.6599652291634706
32	5	4.74038197290963	5.032282944870286	5.623031106203525
27	15	2.18935875610819	0.6513566051865027	5.5978634308561075
36	29	0.3503989422301682	5.063053618709036	3.231647205974931
17	19	4.419200105287518	5.219864957825991	0.44781170212898314
9	29	4.761485811911254	2.471472991829785	1.8026279761914163
25	2	1.1010126129044246	6.177742933402437	2.313690200437452
3	36	3.949942607073974	4.6118985820944545	1.4575343465112711
2	23	4.138362744147337	4.190486499968703	2.4978506574189505
35	15	0.8501734810779376	5.110476420547884	0.7160700082217039
8	19	4.893873405319906	4.992950670054644	0.4015981538259008
19	39	2.5094363513658076	0.3290899062711605	1.4324037417534161
38	15	5.728400908734852	0.9329943704422926	4.414764836488463
40	26	0.9409840252036735	2.1051732166023798	0.1491023275838215
24	12	2.253983591971576	6.249133298281134	4.114449775507675
19	31	5.012013485737913	3.7114914239760695	3.7157448355526355
18	3	1.9744404873512742	2.2224713480142286	1.488206028318208
25	22	4.192823878117959	1.4595962671161293	0.8454489548255985
10	38	5.897076100393254	0.654601416446064	5.791129979106058
8	16	4.912520875696709	0.17570073536278252	4.384302994876554
2	28	0.9642395332413206	4.817080781853175	0.6856054557195652
27	31	5.460083736506934	0.8420392720898813	4.128542364748434
18	22	0.6352376244658218	1.5770106704864892	6.257673289579889
10	30	3.089105388369146	0.9307501439174892	4.224334232555804
9	21	4.133798590376084	4.798579133961315	2.8060603646265556
11	19	4.350362105938694	4.692643576850746	2.0017402998816394
8	35	0.8497166706698039	3.8702860053990538	2.4104963972226883
33	4	5.6941271276141086	3.3816238528204576	2.483195480481959
2	38	1.9955516024223225	5.4505318606474535	2.039762045547013
7	39	1.0374370981462935	5.567140371355896	2.63271268566111
16	18	3.6252653034982196	6.040741488079243	4.131525071570874
21	6	2.566675366344273	2.4835268785924165	4.851297306579685
32	8	0.6326597158287247	6.053810815411061	2.8191382191904686
35	31	0.5883351301851871	0.5630665082116403	2.891616421393526
26	38	1.4477189437788278	1.1125153937773016	3.3819175114668716
25	29	3.5735963724891713	2.1465064709477883	4.349829476400319
34	20	4.823112658829127	1.8616621312884958	0.1532828238666549
18	15	3.1621344069370716	3.1298546632943665	3.816515359766089
24	19	0.06762667118379742	4.884546110323478	2.797039027361604
34	38	4.8079694872927	3.7076041729601505	2.1422622105322984
8	11	5.820064633848389	1.2268246181444844	4.432980709514665
10	30	1.61228530925407	1.6505435898390883	3.2646234385787403
32	17	0.20614837776267508	0.7186134766501898	3.0550942844883453
9	27	3.6676671980474174	2.805150412428217	3.281602601553344
25	18	3.22434862741888	0.4165207303877656	5.608328831254693
32	6	4.328850923928279	1.0113451290226059	1.0493789059866059
40	17	3.7221129705211005	1.461064865177326	2.9140811325518765
40	9	1.456050921107364	3.837214825795611	4.797621862152976
32	12	3.7882719481085774	4.18260669841568	0.21110402265799874
11	15	3.123763186616903	5.599997804600517	4.775105473503723
34	15	2.2771186156780208	0.9938475513592125	1.0616054695378123
17	3	2.878031663271846	2.962057156245843	2.1501265335914814
22	7	4.622589974953759	0.5814933745166727	5.86797133718177
13	22	2.4517596796019223	2.280531651571716	4.644475301914397
35	4	3.9023411558131347	4.436156577128809	5.959434604590912
18	38	5.616334951172493	0.5817561441127905	6.1512873050432955
24	5	1.3497446878416395	3.896849170927759	3.639340220809684
38	39	3.684695091566465	1.9481553250712562	5.432175462633715
40	28	1.5538163876441333	4.690902606307661	0.6177015842324223
3	14	3.8064403366835657	5.404969357097261	6.12881656068715
17	13	5.690234754093702	2.0770668362901956	0.7568924040281518
26	22	4.5635844882601635	5.374883499010336	3.5077287884261366
37	6	0.7805757569167617	5.133837296037361	3.4412999256376167
8	4	1.8730252006011487	4.127926800347612	4.845784682078899
20	7	2.107650132492959	2.258909445446747	4.972263766920059
9	13	2.5240760129350326	3.344285703790659	2.634447532948143
29	23	2.8020219327135254	2.634653647346075	0.8065982081882132
9	27	0.6323789492630788	1.5336947462360906	2.777826684772889
38	39	6.117415316928009	5.942293196869079	5.985994896708838
13	21	5.0306057772123784	0.5654267774668874	3.4090203575101183
20	21	3.012522502415332	1.6192774302999051	3.0891907386186275
21	23	1.4353279438111033	1.6683207075308586	4.622664449328414
3	28	3.9328545454276918	6.223474938924462	0.4518289276051697
17	25	4.345225594268114	4.843359048170148	4.325632371161433
25	27	1.3907218975724658	0.5313908389630502	4.484685513296788
19	6	0.8950007899563396	4.67793584217274	0.5215241768486978
3	30	0.2711586037783631	0.8242518602419291	1.223917620284075
40	13	6.17522011900439	2.9393193774799515	3.386323734400038
19	30	4.000926062392532	5.014999768811895	5.870732077057026
1	11	0.6030167097877241	5.980791939608099	5.206075183036966
37	6	6.163819739140028	0.23770126489467	2.7159307963452104
29	37	5.717241190520201	1.8939315265521999	2.5880508762483325
5	23	5.992060734807411	2.365523691267277	3.678847578400099
9	3	1.6741628095732608	6.005969085914907	4.058926196448824
25	35	2.205295971331991	5.65555014286334	1.8606494007024832
1	29	5.491492967132652	3.3675920276366047	1.1079767743244466
8	7	4.046306109892449	1.3945941140314853	1.079149415978104
11	7	3.1733110873304256	1.3259526664732721	4.638354045359319
20	6	2.3326368411357987	1.6590900041886334	0.7029935333571595
22	7	3.209439090838032	2.019674315257246	1.5616794486453407
8	3	5.2128036580807935	1.2004110553882323	3.3885436018970165
27	4	3.9531904208988062	3.058592817059075	6.150706179323019
22	23	1.254644246931359	3.9043368933609455	1.8094291231664472
27	6	0.6485168086855102	4.952596396459555	0.8475353159762371
3	27	0.4559483098408663	6.008088975078243	5.682404119669785
32	28	4.57810874016224	2.283659084843595	0.05706332390966496
28	22	0.9369288693921164	1.4230457330118274	1.3278701937978241
24	26	6.249035110269634	0.6927808130190256	5.556252072176493
17	28	0.24030648695532544	3.154037259421278	5.455693514957833
20	28	6.002105902824261	5.658046847158813	0.18261332464112456
32	18	0.05471622736885507	5.07913844464426	0.4287533863187193
24	37	2.6129781864108863	0.41114409918220873	6.056343921094039
2	23	5.289243557015808	4.601946051825353	0.7711729432094941
26	36	4.831127877818767	2.7456350258603126	2.335269926320342
27	23	2.380963927319895	6.265829315462548	6.091160091113741
3	7	1.979128979524677	1.917346020797292	2.9419173615125076
40	35	5.516559968479913	2.5352289812458744	2.041127771033368
40	16	0.20749906071618796	3.3887227286026236	3.6313503107134344
34	28	2.788068302917729	3.891024989136518	5.20491451480407
35	6	1.5569364737185811	4.749149258290262	4.3175383497132085
22	7	5.5965635689793025	2.8687988773148985	0.6287925287082675
8	18	4.347650167131333	1.1277927970326282	5.486470300281358
13	21	1.0332584648904788	2.1689786667895077	1.4511924875267554
26	15	5.064524858896128	1.7149119037611062	0.8051551345916861
14	30	2.8503189315344546	5.082787740770854	5.713505864074483
1	3	3.020167112830765	1.7750739304723553	0.4463331344658384
12	29	5.858087062087999	6.2053343900302425	4.25974927831263
4	30	3.6410566253740058	0.31332651272751527	1.955065173252338
25	15	5.451710463441885	2.2936843345745612	3.286143237381116
29	22	5.012911684581278	2.6860503214627314	2.6771092454526038
11	14	5.3198239911011935	1.0838307760968549	4.24293894808677
20	31	2.9979226065689706	1.2983630017337007	3.124194541218471
34	5	2.354672821124205	1.8179628440086686	1.656105694077114
10	13	3.65787257458963	4.426728835218503	3.14340733624032
32	11	0.7837066258896881	4.136458756568954	2.3416166171902106
34	38	3.146774520406578	1.5356682075913426	0.4863660419521842
17	7	5.392170251785665	1.1907558339502764	5.895868252880053
1	35	0.3197830628783042	3.9045548108474586	3.4412728852674377
34	38	5.731501895520093	3.9428547033340635	4.9278132483223835
25	26	3.735437272968709	5.28616620463121	5.6887439879009705
35	14	5.086886315511341	2.4681654405608104	4.599153200594137
10	28	5.069088077570588	2.03522849814798	5.81001189503011
17	31	6.228306306887978	2.5779601651405826	2.049893324211324
17	13	1.6795230990967955	5.029158217332792	2.6575000202010997
9	22	5.281324394316493	0.21391762314943227	3.4490927386790524
12	30	1.5905606676469968	1.137659268492552	5.60409801600478
18	13	0.08017073192907585	5.773934164405086	0.7364493806874852
1	39	5.356687761381326	4.072219364011643	3.8640456304494033
26	35	5.118758120921893	0.5375531012467128	6.150504895763635
26	35	2.325824063770626	1.4767950667764642	1.272175449431221
8	23	3.2343009032534358	0.6256677182557658	1.3954706304967035
29	6	6.062941423238384	2.8655576894273236	3.864064004182529
28	39	1.5392359211635498	2.1643419691770176	5.202595131212529
24	38	3.296839830412102	2.157065191409471	2.6479665580395695
29	7	5.230580009497222	3.1514733857519395	5.995759153046847
4	39	5.009867537277901	1.2029611844749022	5.084007234044827
8	1	0.7585837358747568	0.19909012451025834	6.149525080236998
32	24	4.546318459813065	3.153867076865802	0.781476629926477
8	38	2.638430577978457	3.4559996387247063	6.265667093345432
25	2	3.189202187578829	5.299308275544476	3.5969835012716507
35	29	4.87978333941156	3.249140334876195	4.1140459617543375
9	35	5.120376440293994	3.942800148002378	3.3348844610374235
16	26	2.7933156871999336	5.8892832541720495	2.1772289285719566
19	28	1.3779708720966668	0.5091198612483953	0.176106547674276
32	21	3.7826754281374195	0.056398017450701166	5.700431269393293
18	35	3.3158383003862206	2.3243229153797103	1.2688148445239147
32	20	5.910872624111145	1.209974703093192	3.4859811023268477
37	14	5.405766245216181	2.9342216619268777	5.955514650763168
16	13	0.5543322389069194	0.5896137798976098	3.4668338271372416
24	21	0.05613454348348915	1.926342092308769	5.9746609477030965
11	20	0.37937112020965297	2.4929968000088483	5.643406558457559
2	15	4.317839983270748	0.35394695728074105	5.26682671369533
40	33	4.606682735716669	4.597586751279644	3.1195698665391034
40	20	3.974619532395024	1.3771918940183554	2.357935591220307
18	4	3.485730467510874	4.818787749359255	4.20018515358289
16	31	0.5593755007692626	3.8822584835169427	4.046933568058183
2	36	5.880250418204946	1.3674143148068565	4.97999174462224
40	15	4.061160953778559	6.223790246615781	3.33129020123894
35	11	2.4737445802857017	4.1812434243764995	4.638321602633779
40	12	0.8444682900074245	5.522789453848285	1.8834138996446457
3	37	5.251505676482472	6.156739490015484	5.987742117668551
5	23	2.3333602309994075	3.8767354269344314	6.034367464063781
22	39	5.298389096402238	0.9875607847681678	1.9463044460933323
32	34	0.8783529921818333	4.802616919078441	2.0638907045595007
35	5	2.4682752308219076	5.644500440499384	4.623318585132047
20	5	2.878805287232257	4.983037247272713	2.3434541533414825
32	26	4.695070330553657	5.865677182833919	4.7756913540219
13	38	4.742474606487107	4.879624893171741	0.4244771402914212
9	5	2.338913206273681	0.49469025980547227	4.8114642588797825
9	2	4.239190092915401	0.6079771880921494	1.2698880843996248
11	27	5.557969782968485	3.0778012664077656	4.95836973305119
34	11	3.091585827546617	5.738371026171284	0.15502771029993506
28	21	4.284009784412763	2.1324573835528526	1.1827732892320948
9	4	1.0314290695392554	0.4716524747834322	6.141244191064801
10	14	0.9427217814727049	2.541206104036662	1.0966351856559853
1	35	0.4386938491407339	5.8638914641819815	5.375930587366819
3	22	5.14298065647673	2.518075254835702	4.6742933430118265
1	18	5.737903717411794	0.8103174007412504	5.621546668151993
12	29	5.093030444987426	5.538180548308505	3.2411514346787973
24	17	5.731665616174291	4.879637914346462	0.5778054216902624
32	15	0.8920503096419908	4.445619713361896	1.5064799234118427
26	7	4.450642123557769	5.379086786293033	1.0542125761197634
32	30	6.0016544014211615	5.890657995693501	5.536938180174495
6	23	3.153227065608534	2.162854953892351	0.5171471643554579
40	22	6.2735782268979445	5.208385777055685	2.731705851136452
33	36	3.696981023056233	2.791754814271925	0.5993807921617018
24	23	0.39896947189878856	0.9424414000097685	3.7001055933390146
27	13	1.4103172653008202	1.8842432178092887	0.84995894532503
3	21	6.118331997962803	0.7850722393419207	3.3924507181671526
24	11	4.117054238938925	6.173924367101531	0.12575234026698323
9	38	0.9177637827905882	6.084802270214177	2.4935122652071784
23	31	0.32597404103462657	2.7687616603982823	3.22030867249285
34	20	5.465916949589542	5.7765897209372445	1.156659093417747
39	7	0.5722591102542368	6.1967778513543275	4.133276746785524
26	27	5.4833514627084865	2.855874775156501	4.658655544602187
19	6	0.4428769233083224	3.877783203052139	0.7749607998336497
4	15	1.4477725808199706	2.436655823126629	4.249575865539204
19	6	5.101250661573986	2.3766275517238746	0.05815773667717828
26	37	5.741652984263434	2.3404684108841014	3.20082729555402
18	23	0.7109493182506221	4.93504178424566	4.665578019586088
35	39	3.127793604186651	3.630803779598593	1.6826500629085128
27	5	1.4934370129939414	3.140214503019478	5.313400074478244
40	18	1.7303558544906181	1.1051866089457658	5.259094788473409
3	29	3.0254233747355057	1.4624073739832497	6.088779118463413
16	1	0.4628753320476041	2.4538115802580114	2.026767217987837
6	14	2.577282606834043	0.7545268424820912	3.213873733646849
2	7	4.909006632650654	5.720974467373113	3.8452927433423225
32	9	0.028750279799703148	3.57237036854969	1.3911539708010376
20	14	0.9034035398305742	1.1306649501994728	1.0663459256171575
29	15	4.356910743921591	2.012588254469524	5.825097201867915
10	30	3.30379213839938	3.4856387291534885	3.7213541091981814
32	40	5.042601273500101	5.111962151621672	4.219357865812489
3	7	4.447818625620687	4.574614927614258	0.4631266791439027
22	7	3.731784672001144	1.8993760266152617	2.4255696950144485
32	18	2.8948913445180695	5.090673523704795	2.7937532885372396
13	6	1.1469753027893965	3.7176456394349016	1.1055914993304994
12	22	4.017222731590036	5.735940025028299	0.25408071763122086
3	20	1.0460877305684106	2.4111291693349206	2.937769836476347
26	30	4.780654507620969	5.155528638890473	2.957482951879213
24	4	0.12293237853578569	5.406845155831384	6.105625860387927
4	22	5.50807370125417	2.0248787265541592	0.3718979615447339
8	13	4.860378821574291	5.2807522922568495	1.2274634808853324
34	18	1.8704801262277184	3.263637641237522	1.8483118699965158
12	30	5.502036672052831	3.14210513848764	5.398659605073101
24	39	3.179169894127257	4.22404686467295	5.886312695216268
6	23	2.7893735258886285	4.447581145909266	2.665008202076882
33	4	3.591313107582057	3.918286350022889	1.1041437183619072
13	23	4.614860802583968	1.7658263806198753	4.82493832723024
17	11	0.3326102203390224	5.535146737832985	1.0497742486187112
26	19	2.9060362227490804	0.1370914733243159	6.246304625615406
38	6	0.48801773827073935	4.840277889822349	0.6267601427484493
19	23	5.788709386401502	5.948556181859669	3.0794005427426248
4	20	0.6983953759324565	0.9309249426061232	4.283142323490145
34	23	1.0378839813281246	4.496417691924347	4.486004668448103
24	23	2.2559214822016	0.5077183534645694	3.971696853061964
28	38	1.639722521110491	3.978166446245245	5.512039133364597
21	15	0.5280071606352098	3.444827953727164	0.7623175301258228
37	15	6.046508362517904	4.76534606034461	3.141333142201786
3	29	6.072738336332834	3.4198128766689493	1.2636702055418085
3	23	0.6095771941041799	5.580039571491512	5.41463845532336
23	7	0.6298547169106273	4.991915280046113	2.3503125207116655
8	15	3.883495424150188	3.3652794193587656	4.69665311054722
10	38	0.5935094326299354	5.793867583780563	5.3875222678677295
19	31	5.04658235676883	0.3448268628563822	4.606560532710226
8	12	2.5311589535611714	2.466725620698514	3.1817884913797694
16	30	3.636349655366904	3.198404645011967	0.07918593322342289
8	1	4.959578501831862	0.9570262315892217	6.127001882546063
13	5	5.802804609559834	3.895493698654885	2.587082245267973
16	14	0.4892131982497188	1.8825874324278764	5.839054388214371
35	6	2.2910588232188385	5.249289374545872	3.711772178625688
33	15	3.042606594707629	5.563679735344314	5.334898929400624
36	21	2.7913453318190524	3.50975618168701	4.737101139622606
8	14	5.33641164800457	0.9040125984933312	1.7464993610182502
16	19	1.3992657848792591	1.0120707655758234	4.7790144806449195
32	38	5.93518438627071	1.0584236207974596	0.1407322195890053
33	20	4.973470887617009	1.6625779036096195	2.2133261801308306
16	29	3.810171297036597	3.044148414560205	1.3392422779146678
26	11	1.0194908657955148	4.613350891034185	1.9374897412124708
33	30	2.1559021823324924	3.145418394155611	4.604019352729859
40	32	1.4473438686094253	3.6444558750302756	5.071045374425932
29	15	4.889005956683455	1.2065871797064325	2.137857563103583
33	14	3.215667648649737	3.088308184856755	4.464922975687413
16	34	3.569757847486598	1.6679549715344306	0.1616407909467368
10	6	2.394750682355479	3.827006423679419	4.040087108634554
11	27	1.0959003408891095	1.4686402766271647	4.351447147505669
9	15	5.299548792688896	0.3373050910103383	4.191569993578879
27	15	1.2519090933588894	2.4826178514918875	2.3624892816253924
18	21	6.255333635451176	5.8146508954423455	4.880523125984016
4	22	5.936807529150409	2.0977329583648343	3.4461950829206383
33	20	2.815479902348795	2.683052640315527	5.204811401810748
23	31	4.002164893594328	4.728966561928688	3.8407947650377525
1	22	0.2581491095088496	3.4689709187126665	0.28412022481383326
18	13	1.7857704472604634	0.8202280578883762	2.2314401066330776
26	20	4.3912391730973255	0.2649171439539418	5.057432211955589
3	39	3.801486438645235	3.2534667137437356	3.9368593307198436
10	15	2.760363393236815	4.665492970307772	4.455054803609632
17	38	3.5713564470996992	0.28078885182921187	3.287240959016382
34	22	1.1853740290650954	2.564451211739685	5.817377924142466
18	23	2.3874915318619943	2.6869631851992968	2.848602403994341
1	29	4.097553438986264	3.12254387792455	4.201290775439015
18	13	0.5146332441067203	1.7896403788819197	4.7942152000971845
32	33	2.4545540215725032	0.8695062780499823	2.2620463581659487
19	38	0.9203340040409721	2.365449297820265	1.0844069612286051
35	29	5.995867137203721	1.853727043757746	1.0370464400073185
12	37	2.345500177425554	0.1569440250203982	2.319684381155632
8	35	2.2754690705581844	3.379339313540631	1.7222359088769907
12	38	0.703317300619887	2.2949635659441787	3.8599276827367404
24	37	1.2979565465150258	4.859983902970394	6.228101750855231
34	13	0.47894044084980913	5.442151427775933	1.5276479635807283
18	36	4.338146296594702	0.2486119768512289	6.185096694482634
14	15	5.9298930535511545	5.759052530830365	6.2624375614090875
34	36	0.38946950578531364	0.979213358973166	6.173997331459436
26	7	0.5021962578618022	2.2644507733798496	5.261144808958243
5	14	4.389572956923301	5.385184306928245	2.325565198270932
16	40	2.6800124527503724	1.2806796034334147	4.972521910650104
1	21	1.4577126901290556	0.5441481459483828	5.688484504641669
25	26	6.143576473414527	2.418217363757648	5.620470021379657
36	31	4.981882118087894	3.2664661096719576	5.497788956450487
19	5	4.192629257114279	3.9941804555399014	3.4023694462550944
33	25	2.149948806805827	0.04236303151888378	5.423629089896908
18	4	4.315498832086523	2.0379070530721775	2.622489866009857
8	18	0.9729505515472805	1.019941903450953	0.08554006344148009
16	36	3.0095554768917756	3.4362236161040967	3.3691962784479332
37	23	4.2136025858701815	2.9793109688428485	3.153147620056782
8	20	2.752764153395849	4.687558837577366	1.111316287234154
17	6	2.765843799539732	3.503777125919306	2.468990871371594
8	10	0.7222302473593296	1.7417790366543995	3.8339241045767687
39	7	2.3225253165158124	1.1993419872292486	2.556179219112859
34	22	1.6156333965385121	6.269404647841933	4.913242465182937
20	13	1.6294690967661731	3.619728783098113	5.298653951223407
36	39	1.6398323381282203	1.5185206157161164	1.564142881103294
32	30	5.96693902040118	4.178214229605801	3.773972774191746
2	19	0.8521306364021469	2.792851515095933	0.78529946289623
10	38	3.939681143619655	2.2247075654538904	3.493091641005248
11	31	2.5185644452592877	4.58306991186199	4.558486856362987
32	10	1.0887860987456996	3.3194293740246965	5.635550142123442
2	30	5.235125268229473	1.1568586426759584	2.7401813870092258
9	21	0.9211697067293911	2.9577372384445373	4.262242383592969
32	20	1.4061675839112	5.818534483660304	3.2721649752420423
20	23	2.764409759629769	5.101631366565676	5.697831721975347
28	22	5.39976846491483	0.6960789388959158	5.127414053430415
26	39	4.10565638416792	2.208132543933964	3.884168805618289
4	21	2.836318855298988	2.742303973353142	4.14330685109949
40	11	5.5188045478151455	5.327169628677106	5.461841520077558
8	37	1.5889735878517872	6.140732369016441	2.2396493643627
26	15	5.436431659945784	4.931851435586505	4.483021754646205
9	36	0.721054436411978	1.532492239470826	4.031585985656719
17	26	3.703366139692093	1.982589019997157	3.253955859346227
21	23	5.569849597716215	5.690856390660076	2.599758298545802
10	37	4.730207378737265	2.07271032724512	1.0362180257748799
24	32	0.4800362243602027	2.7565784366529096	5.761215750535374
40	37	2.2230529054958685	4.622219701748446	4.76914572899883
26	20	4.272722090248161	3.410312486002589	4.3626329750319615
9	12	5.714944898718742	5.3963534670047535	5.41548912841623
20	7	0.1852987569219829	3.702172826466427	1.9278065376012938
8	33	3.5281795436392747	6.1620762136795095	3.7408617911378608
36	7	3.6783492699845266	5.563963053173263	4.841132829220508
17	31	0.4292035611957535	5.663583345124529	4.579683568716125
8	38	1.8631620998649836	2.9067844379513614	3.7602836375303315
36	6	1.6868893691957867	1.7933173768257367	6.210509786936923
13	14	0.9016844336937431	0.2747483295300155	1.8141729599874403
24	23	3.8217383932347313	6.2465011591049455	2.5850973695758843
3	22	5.290257781369444	3.042839410811051	2.887923914162748
9	29	1.3115153440946716	1.8473982049498285	1.163928707182728
32	3	6.091775999790853	0.8832076126058505	4.015898080930219
32	39	0.642169449820492	2.195844902120164	4.783312169746967
1	13	0.9775068339802715	4.6594532329294776	5.826081455664788
36	21	5.849463979035861	0.7501950739215099	5.142548189190879
32	22	2.1736772852919612	0.22861903661966063	1.0377440424120794
22	7	1.6398222041713932	5.007081705630633	5.349870540176436
20	31	3.5308500753641363	2.0784270179451543	1.135971757464037
11	15	6.0636317515469145	0.693612022965419	0.07037861609817686
17	35	0.18569527688973886	3.6809546324566598	0.9618634009154078
24	23	1.0086224186130053	3.9242190120421276	3.4256351266007803
2	10	5.208099095447475	3.6732708403990997	3.389389463218335
32	2	1.9759366924187123	5.538687293028489	3.1580653670792374
8	36	5.401756904041336	3.2544957430840857	4.74556395292437
16	1	3.242327149262025	5.972259250921069	3.0777345536294365
32	13	4.12290938660219	1.6438589946640172	2.267189810639483
18	2	2.8818649942045096	5.149137997931844	1.8750527092848206
8	27	3.1206399338608777	2.7552021385146244	3.3583141917250376
28	36	4.981048383311424	0.6979301836894388	4.554533879026929
2	13	2.028139354056802	0.4745659264684912	4.388773539101245
17	37	3.786494468670514	0.8984499255489737	5.522429152216783
6	31	5.293625787041784	0.1755973358628298	3.1672020517793897
38	6	1.5627356446665694	3.2092435240670993	5.446909684757851
32	26	3.5008628168557	0.8294922103321594	2.0123769776326403
17	6	1.4081409230654613	5.941534281408686	5.933616576170107
13	39	4.646564113124225	1.4079400811956404	5.1489710608262955
