0.01942	-0.202435	0.056059	0.100493	0.140981	-0.147878	-0.096875	0.160225	0.07217	0.054293	0.062703	-0.170941	0.030416	0.071509	-0.022775	0.165887	-0.280805	0.04991	-0.096425	-0.138349	-0.152364	0.190318	0.261928	0.032353	0.141803	-0.252421	0.099075	-0.026952	-0.194727	0.033324	0.142376	0.044653	-0.263024	-0.159622	0.084856	0.133838	0.227855	-0.031298	-0.103098	0.064022	-0.141579	-0.0244	0.034757	-0.162633	-0.010537	-0.143008	-0.046822	-0.136512	-0.055522	-0.049453	-0.090606	-0.0996	0.003923	-0.068091	-0.030942	-0.054829	-0.19227	0.027457	0.151364	0.169391	
-0.148619	0.031126	0.165913	0.015391	-0.2903	0.134654	0.064057	0.069701	0.092263	-0.125597	-0.070873	0.081825	-0.191906	0.250562	0.015357	-0.054381	0.077076	-0.114505	-0.068999	-0.001987	0.0104	0.073151	0.130152	-0.040135	0.075272	0.074136	0.112826	0.018371	0.228913	0.128797	-0.071547	-0.065694	-0.10968	-0.192535	-0.129007	0.258748	0.019189	0.119106	0.300175	0.109337	-0.047947	-0.008452	-0.090272	-0.076485	0.017974	-0.127272	-0.126208	0.100904	0.177834	-0.03822	-0.028211	0.013838	0.007988	0.031843	-0.28406	-0.159571	0.066779	-0.28216	0.007615	0.121576	
0.251825	0.140772	0.085079	-0.014246	0.04258	-0.102697	-0.042139	0.153186	-0.031537	-0.116313	-0.317959	0.012589	-0.088886	0.162515	-0.000521	-0.028461	-0.16371	-0.334605	-0.167722	0.064478	-0.085385	-0.113502	-0.007443	-0.00715	0.001098	0.137296	-0.001132	0.226279	-0.007033	0.093989	-0.024257	-0.090204	-0.049938	0.175272	0.192726	-0.120649	0.129122	0.054298	-0.053163	-0.080041	0.046333	0.032373	-0.02603	-0.128705	0.032433	-0.05052	-0.091623	0.096142	0.081911	0.09101	0.11743	-0.017746	0.11655	-0.129761	0.116371	-0.286217	-0.205797	0.082201	-0.043314	-0.283579	
0.200588	-0.120246	0.1158	-0.408122	-0.099157	0.061713	0.002467	0.000771	0.01913	0.152491	-0.050892	-0.19592	0.190861	-0.083573	0.065199	-0.082086	0.079925	-0.09848	0.040804	0.020782	-0.068356	0.149939	-0.008334	0.138162	0.009148	-0.030943	-0.192638	0.013098	-0.106565	0.057231	-0.033618	-0.168151	0.153964	-0.063199	0.033477	-0.151371	0.253824	0.141155	0.177246	-0.096059	-0.245029	0.030195	-0.145384	0.025239	-0.020961	0.094985	0.140013	-0.056451	-0.223538	0.02256	-0.147257	-0.033576	-0.059506	0.084991	-0.0899	-0.16595	0.142972	-0.187557	0.110041	-0.082025	
0.156437	0.111221	-0.031309	-0.029121	0.025883	-0.270889	0.000896	-0.137425	0.113915	0.066972	0.043147	0.079899	-0.050625	-0.086707	-0.102413	-0.217239	-0.12203	0.136331	0.127733	0.158727	-0.06096	-0.046946	0.162558	0.044268	0.046254	0.082478	-0.099734	-0.045332	0.233817	0.105736	-0.11779	0.273276	-0.062442	-0.26194	0.127667	-0.138686	-0.023167	-0.078913	0.141489	0.047131	-0.002201	-0.201921	0.064961	-0.1201	-0.157827	0.142409	-0.168025	0.168351	-0.095181	0.100086	-0.005791	-0.096888	0.231171	-0.054485	-0.039696	0.095835	0.05594	-0.009793	0.295784	-0.075292	
-0.132714	-0.10687	-0.067651	0.152356	-0.141686	-0.198542	0.151769	-0.076951	-0.177924	-0.172111	0.168993	-0.134889	-0.016855	0.025677	-0.051304	-0.083821	0.017401	-0.030828	0.094852	0.172972	0.061987	0.077134	-0.006562	-0.05543	0.031303	0.046688	-0.081075	0.082149	-0.128371	0.266583	0.120941	0.204751	0.121599	-0.059043	0.219115	-0.005992	-0.005272	0.074869	-0.028582	-0.206552	-0.261203	0.172621	0.065075	0.179426	-0.084783	-0.305226	0.040213	0.159508	-0.060749	0.074036	0.306236	-0.090397	-0.110665	0.039037	0.023642	-0.034174	-0.019107	-0.096445	-0.085034	0.040288	
0.09471	-0.013706	-0.025069	0.138042	0.050127	0.096169	-0.225523	-0.041649	0.18046	-0.02226	-0.256307	-0.137082	0.068607	0.119463	-0.003217	-0.058849	-0.119874	0.050762	-0.072645	-0.057899	0.070954	-0.035481	-0.046164	0.090921	-0.125579	0.003164	0.078163	-0.080857	0.092995	0.035553	0.04441	0.310309	-0.01678	-0.033075	0.029983	-0.356461	-0.139971	0.250508	0.13986	-0.081236	-0.096497	0.156999	-0.174838	-0.077982	-0.062242	-0.058234	-0.11932	-0.297343	0.009507	-0.205271	0.152885	0.18227	-0.118866	-0.024163	-0.074589	0.10568	0.129096	0.039966	-0.08384	0.118329	
-0.055547	-0.047215	0.063927	-0.039346	0.137434	-0.136539	-0.026407	-0.165266	0.134107	-0.184174	-0.063994	0.089123	-0.003774	0.090828	-0.120279	0.174386	-0.001474	-0.109318	-0.017515	-0.035115	0.001534	-0.059098	-0.005331	-0.256222	0.015309	0.095117	-0.119168	-0.075068	-0.23665	-0.086099	0.103611	0.069314	0.257627	-0.080057	0.062998	-0.130417	-0.006228	0.076157	-0.126819	-0.075562	0.173955	0.193199	0.127725	-0.166587	0.035166	-0.149631	0.035706	0.203358	0.048364	-0.004769	-0.404459	0.168057	0.070978	0.025052	-0.252249	-0.003366	0.180732	-0.033564	0.126766	0.055054	
-0.062859	-0.149112	0.009502	-0.07934	0.200348	-0.085305	-0.125513	-0.071336	0.132571	-0.107513	0.177306	-0.042675	0.081038	0.141424	-0.004097	0.028693	0.181434	0.075183	0.114796	-0.079151	0.022811	-0.07661	0.018731	-0.236128	-0.077549	0.076768	-0.056256	-0.096081	0.242977	0.245948	-0.055525	0.032413	-0.031296	-0.002629	0.037898	-0.031285	0.195653	0.169285	-0.043853	0.090715	0.066055	-0.166913	0.108011	-0.096079	0.159572	0.191858	0.046927	-0.000522	-0.137198	-0.074539	0.112109	0.051734	-0.145426	0.284981	-0.125434	-0.191712	-0.284603	0.128226	-0.214102	-0.071087	
0.227314	-0.251287	0.144054	-0.042397	0.01569	0.074118	0.075596	-0.257607	-0.011539	-0.208226	-0.037662	-0.26128	0.005954	-0.074318	0.150979	-0.08984	-0.092506	-0.162082	-0.074107	-0.036676	-0.189717	-0.159704	0.238187	-0.093456	-0.09986	-0.014521	-0.09778	0.229697	0.047017	0.113116	0.125802	0.090087	-0.00987	0.076096	-0.191882	0.1717	-0.072232	-0.230434	0.101017	-0.064869	0.118533	-0.060017	0.021604	0.108371	-0.102908	0.113316	0.118661	0.054232	0.15012	-0.136339	0.052194	0.080556	-0.046367	0.102238	0.044939	0.053109	0.096796	0.173411	0.086481	0.158751	
0.110847	-0.193947	-0.039625	0.156115	-0.050066	0.105931	-0.130783	0.04514	0.042497	0.060458	-0.026039	0.038829	0.15496	-0.164813	-0.143805	0.134883	0.114036	0.014754	0.213427	-0.165965	0.046576	-0.105988	-0.216161	0.060011	0.08426	-0.081133	0.051428	-0.00542	0.066952	0.256899	-0.135725	-0.015542	0.100311	0.048109	0.039487	0.337616	0.204292	0.010646	0.101937	-0.182651	0.054677	0.046846	0.053595	-0.147368	-0.072373	-0.172072	-0.193235	0.046345	0.092574	-0.130181	0.018964	-0.025859	-0.020061	-0.089508	0.011877	0.044539	0.219386	0.209173	0.143004	-0.26645	
-0.045452	0.094001	0.118343	-0.069162	-0.211759	0.119629	0.061713	0.178726	0.119023	0.217206	-0.128302	-0.068205	0.042652	0.165169	-0.011279	-0.284371	-0.090051	0.028211	0.082797	-0.030922	-0.122091	-0.020479	0.096662	-0.249287	0.05941	-0.018528	-0.079992	-0.187444	0.004271	0.181981	-0.011389	0.24684	0.073243	0.056661	-0.010734	0.176085	0.184485	0.067367	-0.256611	-0.040572	0.093389	-0.030594	-0.043209	0.04573	0.106724	-0.043997	0.09807	-0.011355	-0.086672	0.121011	-0.091524	0.154029	0.174528	-0.076875	0.260624	0.168861	0.129853	0.03078	-0.216183	0.075223	
0.076386	-0.214039	0.202017	0.219156	0.079013	0.148987	-0.096991	0.084958	0.101006	-0.105299	-0.163959	0.076181	-0.06053	-0.021438	0.223369	-0.210031	0.188649	-0.069172	0.062719	-0.082155	0.017155	0.049362	-0.130695	-0.11192	-0.054835	-0.060735	-0.034027	-0.133644	-0.082219	-0.021203	-0.121782	-0.032443	0.080862	-0.074241	-0.059327	-0.043215	-0.136455	-0.036234	-0.052861	-0.082052	0.023672	-0.164448	0.045962	-0.037602	-0.091786	-0.055775	0.217252	-0.006293	-0.166778	0.307648	0.135811	-0.176827	-0.041741	-0.320354	-0.235905	0.054264	-0.186319	0.020431	0.130471	0.077744	
-0.028243	-0.060732	0.024424	0.363016	0.066887	0.01692	0.017717	-0.032971	0.241096	0.032975	-0.046969	-0.179061	-0.008119	-0.006702	0.010536	-0.171539	-0.303512	-0.02491	0.103675	0.117595	0.024399	0.172196	-0.183656	0.049166	0.072731	0.195405	-0.105101	-0.003799	0.002932	-0.165636	0.16392	-0.00365	0.12132	0.04465	0.002735	0.135684	0.080921	-0.04867	0.191734	0.279507	0.157201	0.019913	-0.135187	0.085662	-0.002194	-0.06924	0.101076	0.034816	-0.062811	-0.024358	-0.138141	-0.075137	-0.109161	0.210923	-0.002356	0.083435	-0.127452	-0.078934	-0.039696	-0.31417	
-0.257956	0.22414	0.071856	-0.028209	-0.114892	0.19154	-0.109883	-0.143682	0.05858	-0.005452	0.030559	-0.048287	-0.118003	-0.255368	-0.103124	-0.116869	0.052592	0.055497	-0.020397	0.24172	-0.198658	0.029015	-0.07719	0.042829	-0.025087	0.020271	0.08576	0.031378	-0.131561	-0.074637	0.009523	0.121823	0.027913	-0.184325	-0.092157	0.01807	0.099116	-0.093396	-0.060856	-0.236774	0.051292	-0.039787	-0.268696	-0.174819	0.03655	-0.032509	-0.06153	0.089726	-0.073486	-0.068399	-0.045041	0.104637	-0.211748	-0.020709	0.031335	-0.269211	-0.215169	0.288246	0.078888	0.063582	
0.028526	-0.042077	0.088372	0.093612	0.089036	-0.086502	0.144282	0.037654	-0.107729	-0.064315	-0.16572	-0.188198	-0.001928	-0.120759	-0.185587	0.053174	0.071092	0.082025	0.083413	0.011867	0.008854	-0.244685	-0.218734	0.000424	-0.136865	-0.117497	0.161356	0.100665	0.005377	0.155759	-0.115475	0.151313	0.01534	0.084361	-0.079184	-0.025637	-0.020122	0.089297	-0.19384	0.101491	-0.124879	-0.219349	-0.289621	0.248551	0.091916	-0.018829	-0.016007	0.057581	0.039467	-0.175346	-0.274816	-0.057659	0.185359	-0.014864	-0.088596	-0.025661	-0.190303	-0.245615	0.09936	0.062358	
0.033788	-0.050801	0.037748	-0.179901	0.037993	-0.022847	0.022229	0.048897	0.106259	0.061908	0.036329	0.0728	-0.130921	-0.029539	0.065671	-0.34404	0.106826	-0.042611	0.013921	-0.177464	0.206045	-0.15594	-0.070795	-0.046961	0.024623	-0.03378	0.396905	-0.135612	-0.237142	-0.020476	0.234965	0.014832	0.064727	-0.100982	0.024436	-0.141253	0.178566	-0.217192	0.053839	0.133475	-0.117505	0.086411	-0.001054	-0.089152	0.087851	0.005077	0.094757	0.165505	0.18458	-0.234035	0.209015	-0.034635	0.119052	0.112972	0.059566	0.058615	-0.023989	-0.014649	0.071883	-0.069956	
0.146812	-0.010131	-0.20929	-0.294841	-0.040291	-0.109244	0.094243	0.096476	0.169849	-0.131301	-0.12013	-0.160705	-0.19823	0.069032	-0.049215	-0.003201	0.215706	0.208658	-0.089178	-0.041951	-0.266142	0.027091	-0.083977	-0.038318	0.072018	-0.117232	0.168524	0.17536	0.005441	-0.143043	-0.178989	0.002273	0.06247	-0.05937	0.054723	0.049038	-0.031965	0.207346	0.0232	0.1011	0.21917	0.09923	-0.000569	-0.017365	-0.228517	-0.185723	0.032827	0.076677	-0.062257	0.036187	0.015521	-0.165986	-0.161112	0.128578	0.096581	0.235091	-0.083132	0.065721	-0.037626	0.019555	
-0.230584	-0.242648	0.072676	-0.027021	-0.056492	-0.009924	-0.045301	-0.258194	0.233569	0.178031	0.139161	0.005048	0.042949	0.342042	-0.025682	0.078939	-3.2e-05	-0.034904	-0.037769	-0.037268	0.074289	-0.126533	0.082857	0.0567	0.001695	-0.078218	-0.041222	0.103381	0.030362	-0.213221	-0.131188	-0.114092	0.092438	-0.039214	-0.022416	-0.051145	-0.001161	0.080058	-0.184306	0.031504	-0.007802	-0.053937	-0.298079	0.216389	-0.129683	-0.127359	-0.043734	-0.002914	0.044151	0.101657	0.222836	0.033108	0.23782	0.028474	0.087741	-0.09347	0.020679	0.155412	0.208617	-0.121174	
0.02851	0.001048	-0.117279	-0.228801	-0.010012	-0.058744	-0.208744	-0.087027	-0.087283	0.109561	-0.043887	0.022516	0.136806	-0.210713	-0.003416	0.0059	0.062729	-0.232257	-0.020711	-0.159482	0.229468	0.175235	0.197858	-0.090693	0.063874	0.009289	-0.035772	-0.071674	-0.014754	0.075482	0.24734	0.063257	0.179397	0.007214	0.013549	0.139265	-0.253882	0.112597	0.046875	0.114664	0.098455	-0.139838	-0.276179	0.00637	-0.182911	-0.088491	-0.214939	0.107311	0.019481	-0.005014	-0.064655	-0.124475	0.062003	-0.113672	-0.009228	0.02405	-0.233816	0.052656	-0.229246	0.025483	
0.268765	0.058715	0.16511	0.068695	-0.06232	0.055649	-0.130539	-0.351595	-0.014995	-0.064685	0.137671	-0.007736	0.066465	0.095162	-0.068938	0.021034	-0.033119	-0.020464	-0.308488	-0.030689	0.147194	0.071313	-0.084137	-0.084076	-0.117044	0.069327	0.297078	0.083698	0.034071	0.098609	-0.071195	-0.123992	-0.009401	-0.175389	0.010927	-0.000693	0.104153	-0.126926	-0.083471	0.034419	-0.058913	-0.012435	-0.023803	0.076752	0.227166	-0.053909	-0.197209	0.064706	-0.266115	0.183555	-0.130803	-0.095461	-0.152873	-0.036366	0.130296	0.22963	0.093063	-0.029194	-0.102915	0.002018	
0.059817	0.054777	0.191622	-0.091568	-0.05605	-0.090975	0.161955	0.046408	0.069323	-0.144952	-0.019616	-0.133983	-0.171661	-0.178159	-0.124109	0.388321	-0.182387	-0.219493	0.158185	0.171194	0.174581	0.044163	0.033871	-0.285354	-0.003832	-0.031557	0.13396	-0.243055	0.066918	-0.139535	-0.157118	0.025095	0.22015	-0.099643	-0.140912	0.049135	0.050117	-0.010363	0.025138	0.00324	-0.074066	0.011558	-0.029283	-0.084552	-0.076305	0.128264	0.028958	-0.243973	-0.022123	0.001816	0.227815	-0.028944	-0.003653	-0.016902	0.142062	0.043415	-0.007831	-0.027429	0.012662	-0.046159	
-0.03723	-0.004495	0.070293	-0.004788	0.079383	-0.031454	0.110815	0.028649	0.05878	0.230857	-0.135198	0.106846	0.114209	-0.008028	-0.082489	0.054737	-0.091328	-0.090449	0.13176	-0.190543	0.065128	0.154595	-0.106553	-0.144645	-0.267262	0.207535	-0.081064	0.190343	-0.140518	-0.06113	-0.234045	0.016698	-0.314086	-0.105548	-0.235234	-0.023181	-0.105966	-0.021986	0.034526	-0.006956	-0.157073	-0.029439	0.085301	-0.121493	-0.191329	-0.152608	0.074457	0.275486	-0.17057	-0.193002	0.046581	0.00155	0.006255	0.10784	0.155199	-0.038989	0.027615	0.031302	-0.126946	0.07916	
0.051446	0.068849	-0.091928	-0.03859	0.143655	-0.018	-0.06667	0.017799	0.000559	-0.219804	0.140655	-0.221304	-0.112669	0.11811	0.096725	-0.104455	-0.089178	0.23885	-0.024503	-0.090269	0.097086	0.305977	-0.032838	0.192457	-0.240182	0.207233	-0.040122	-0.117949	0.184605	0.008663	-0.042543	-0.166014	0.233045	0.013469	-0.185722	0.080446	0.133979	0.046494	-0.165472	-0.159425	-0.150668	0.037897	0.018263	-0.090325	-0.143638	0.011833	0.032991	0.132586	0.215854	-0.100499	-0.08364	0.020519	0.201845	-0.192615	0.089406	-0.002844	-0.061395	0.032382	-0.014526	0.05436	
-0.149176	0.096654	-0.089697	-0.012997	0.285455	-0.139168	-0.099185	-0.372963	0.047691	-0.001165	-0.264235	0.059692	-0.132539	0.06905	0.091355	-0.052612	0.046733	-0.056003	0.13578	0.227329	0.063037	-0.120049	0.032045	0.046638	0.180453	-0.300673	-0.061623	-0.00298	0.057452	0.021972	0.007841	-0.116935	-0.070579	0.216124	-0.157242	0.07219	0.216668	-0.013158	0.001938	0.065944	-0.216033	-0.043927	-0.038435	-0.16731	-0.083611	-0.064107	0.062057	0.086375	-0.039815	0.001976	-0.01696	-0.05147	-0.150091	-0.138492	0.077709	0.083088	0.142093	-0.099217	-0.177596	0.07514	
-0.016777	-0.085623	0.020743	0.036191	0.112975	0.226918	-0.18999	0.102177	-0.088755	0.170031	0.113137	0.043994	-0.269141	0.164836	-0.063558	0.166764	0.181134	0.098824	-0.100938	0.12315	-0.130471	-0.043654	-0.024318	-0.235744	0.097038	0.275507	-0.140101	0.153203	-0.152422	0.120957	-0.018134	0.087306	0.152417	0.105677	0.011428	-0.109389	0.139839	-0.269199	0.147967	0.067289	-0.171073	-0.008448	-0.071919	-0.0071	-0.269434	0.073128	-0.124418	-0.158684	0.013107	-0.068593	-0.067577	-0.09548	0.099239	-0.021633	0.005265	0.137243	-0.06042	-0.045885	-0.077493	0.04485	
-0.031332	-0.000456	-0.086963	0.030969	-0.242479	0.123372	0.004819	-0.023815	0.216581	-0.022097	-0.26581	-0.023208	0.167353	0.062165	-0.101449	0.193636	-0.060718	0.033489	-0.05037	0.02813	-0.100431	-0.053586	0.049086	0.203382	0.04745	0.10814	-0.092018	-0.099908	-0.160246	0.101861	-0.011673	-0.130681	0.152755	0.049308	0.095628	0.056352	-0.147303	-0.073475	-0.195485	0.028953	-0.261386	-0.131506	0.033574	-0.194803	0.101693	0.254091	-0.040953	0.246003	0.11084	0.020841	0.168741	-0.060396	-0.083362	0.195602	-0.067398	0.269295	-0.151871	-0.030923	0.034145	0.093734	
0.020663	-0.15565	0.157129	0.068688	0.010347	0.017582	-0.062031	-0.135334	-0.139701	-0.039491	0.067087	-0.052118	-0.117862	-0.140663	-0.203716	-0.151356	-0.027494	-0.073365	-0.035667	-0.057667	-0.158214	0.214507	-0.190732	-0.002476	0.097574	-0.192232	-0.118473	-0.103547	-0.113089	-0.034156	-0.215453	-0.036016	-0.114029	0.08498	0.058413	0.001677	0.034417	0.123154	-0.015695	0.247482	0.052279	0.346729	-0.038099	0.031551	-0.025849	0.330148	-0.199828	0.202539	0.021502	0.010602	0.172528	0.157834	0.177486	-0.053602	-0.087554	0.006356	-0.003854	0.023625	-0.131668	0.114724	
-0.039021	0.083767	-0.096559	0.044318	0.14101	0.252084	0.071116	0.111624	-0.303795	-0.027361	-0.00032	-0.094136	0.038291	0.133873	-0.11752	-0.023265	-0.161154	0.124745	-0.1517	-0.155217	0.064271	-0.167915	0.080176	-0.016804	-0.020823	-0.269467	0.046311	0.05307	0.000341	-0.026521	0.051101	0.153354	0.274972	-0.028619	-0.240535	0.046053	-0.083653	0.035012	0.13417	0.1372	-0.146875	0.00932	0.056761	-0.197123	-0.093756	0.03303	0.001604	0.18067	-0.235366	0.268253	0.040625	0.136635	0.004233	0.122489	-0.032668	-0.130964	0.010743	0.029048	0.055191	-0.196032	
0.054109	0.185475	0.047674	0.095702	-0.001846	-0.174616	-0.076498	-0.109783	-0.023572	0.151866	-0.140888	0.047806	-0.0248	-0.045231	0.03433	0.020135	0.021772	0.084498	-0.382305	-0.232027	-0.037128	0.209302	-0.08544	-0.162268	0.318917	-0.124466	-0.144133	-0.190401	0.071116	0.04937	-0.16794	0.124598	0.072997	0.013991	-0.188504	-0.083403	-0.000569	-0.087814	-0.010019	-0.197327	-0.044023	-0.082119	0.073737	0.235289	0.009315	-0.046881	0.078717	0.026826	0.227486	-0.083049	0.052004	-0.047071	-0.121134	0.206866	0.021399	-0.114942	-0.050687	-0.059838	0.102537	-0.12711	
