-0.048833	-0.234791	0.164446	-0.080482	-0.273162	-0.025865	-0.10379	0.13812	0.207985	-0.158023	0.205658	-0.072069	0.101166	0.013447	-0.180723	0.080729	-0.118728	0.164382	-0.064849	0.197625	0.001384	0.200446	0.088583	-0.156225	0.084697	0.189825	-0.301838	-0.096003	-0.10539	-0.167474	0.113794	0.228249	0.225726	-0.370711	-0.117527	-0.094983	0.072265	0.018186	0.034526	0.126569	
0.06914	-0.033857	-0.21341	0.03829	-0.115739	-0.05313	0.352016	0.049394	0.28165	0.027831	0.128284	-0.264558	-0.203193	0.106085	-0.021767	0.054422	-0.169123	-0.145437	-0.065425	0.210908	-0.006906	-0.047773	0.071893	-0.000423	0.009592	0.179037	0.237226	0.168385	0.041164	0.034074	-0.020815	-0.212587	-0.037179	0.077465	-0.30816	-0.056911	-0.328042	-0.06194	-0.044624	0.302764	
0.21698	-0.09156	0.085553	-0.210719	-0.235967	0.133422	0.04033	0.245334	0.173652	-0.03188	-0.004528	0.023089	0.123378	0.267771	-0.100885	-0.006435	0.146638	-0.04253	-0.114368	-0.037429	-0.006024	-0.263779	-0.33791	-0.18018	0.103983	-0.106638	0.136695	-0.175777	0.331814	-0.06537	0.007239	-0.306701	-0.090257	-0.061579	0.185883	-0.106607	0.156627	0.106506	0.020913	-0.012896	
0.276775	0.000887	0.229818	0.168213	-0.047347	-0.020276	0.151056	0.154282	-0.386113	0.006899	-0.006163	-0.293174	-0.095798	-0.065073	-0.043857	0.001133	0.020287	-0.011603	0.26903	-0.270453	-0.244628	0.205866	-0.157692	0.146339	0.044217	0.095556	0.198456	-0.072952	0.097725	-0.042084	0.072466	0.012617	0.126269	-0.239265	-0.170281	-0.19928	-0.074091	-0.034107	-0.030371	-0.161182	
0.12528	0.080348	-0.017887	-0.113238	0.159556	0.029635	0.050644	0.091884	0.280904	0.157096	-0.110614	-0.110008	0.094179	0.227948	-0.057777	0.319247	-0.067905	0.007339	0.085964	-0.143253	-0.325299	0.241094	-0.076775	-0.10192	0.241803	-0.054477	0.034965	0.178626	-0.168823	0.068541	0.153797	0.194473	0.11355	0.342911	0.030697	0.094202	0.2792	-0.10996	-0.027119	0.015219	
0.013485	-0.147493	0.295716	-0.119014	0.097006	-0.237984	-0.067868	0.177715	-0.040203	0.016496	-0.151422	-0.286447	0.046028	0.010115	0.16073	0.244812	-0.023514	0.079916	-0.031187	0.102142	-0.101922	-0.264458	-0.081175	-0.078907	-0.09534	-0.188069	-0.192634	-0.112476	-0.176212	0.03668	-0.072342	0.07347	-0.021416	0.124699	0.186838	-0.017586	-0.525665	-0.023994	-0.04645	-0.018545	
0.039157	-0.136258	0.038716	-0.012923	0.235116	0.088225	-0.102129	-0.347402	-0.024932	-0.045992	0.061094	-0.075139	0.013335	-0.060169	-0.006054	0.151723	-0.040186	0.258836	-0.021208	0.027133	-0.165833	-0.00783	-0.210027	-0.241305	-0.367524	0.10386	0.047357	0.177211	0.241988	-0.035593	0.081232	-0.070112	-0.041085	-0.121353	-0.042749	0.150744	0.066022	0.065916	-0.481642	0.113533	
0.017302	-0.035176	0.211039	0.107329	0.090916	0.084148	-0.039794	-0.003997	0.2737	0.026127	0.006504	-0.063969	0.133135	-0.042207	0.04052	0.126106	0.600548	-0.254329	0.152846	0.243529	0.183952	0.176672	0.12605	-0.093057	-0.1363	-0.013405	0.201899	-0.018992	-0.009603	-0.006755	-0.134528	0.141973	-0.031432	0.045789	-0.171627	-0.119084	-0.010809	0.150451	-0.103526	-0.180576	
0.319413	-0.123594	-0.147276	-0.341343	0.077193	0.058772	-0.160131	0.054554	0.056284	-0.065946	0.137148	0.254546	0.08903	-0.051526	0.164959	0.122592	0.055627	0.179589	0.252687	0.021807	-0.157495	-0.110438	0.341183	0.165345	0.103342	0.25619	0.041911	-0.11891	0.179962	0.019065	0.12493	-0.025844	-0.12139	0.023903	-0.123762	0.156131	-0.197527	-0.08672	0.06595	-0.187035	
-0.061673	-0.065323	0.231172	0.008648	-0.159278	0.25489	0.042009	0.135002	-0.253549	-0.063132	0.061011	0.124397	0.102364	-0.145337	-0.299877	-0.031346	0.003439	-0.035965	-0.033876	0.223899	-0.037102	0.175903	0.058432	0.103005	-0.10978	-0.034772	0.136416	-0.100069	-0.096541	-0.018024	0.37274	-0.193145	0.094303	0.412231	0.09365	0.234385	-0.120091	0.08806	-0.07639	0.144447	
0.069563	-0.239356	-0.146711	0.018453	0.19705	-0.130499	-0.082933	0.08442	-0.089444	0.172908	-0.105499	0.179495	-0.088482	0.127735	-0.188995	-0.18454	0.223649	0.024558	0.187837	0.089212	-0.076155	-0.15886	-0.150652	-0.13139	-0.115327	-0.284957	-0.097355	-0.056705	-0.133108	0.06118	0.081541	-0.088677	0.220771	-0.08063	-0.455388	0.141452	0.033986	-0.111131	0.184041	0.18151	
-0.161095	0.116301	0.118134	-0.106397	0.193678	-0.049811	0.181975	0.041708	0.228519	-0.070394	0.14015	0.070279	-0.096724	-0.259179	-0.177814	-0.203955	0.115801	0.263402	-0.114679	0.008101	-0.015209	-0.070283	-0.330074	0.154019	0.354677	0.106707	0.057011	-0.179476	-0.057359	0.257592	-0.15129	0.072938	0.110002	0.018378	-0.11366	0.148007	-0.089378	0.051125	-0.222687	-0.130757	
-0.248614	0.0484	-0.120925	0.253478	0.095306	0.18589	0.019246	0.180965	-0.073998	0.087742	-0.121328	0.217101	-9.3e-05	0.102885	0.122787	0.1731	-0.042015	-0.087236	-0.05535	0.156463	-0.291023	-0.012143	0.128823	-0.106348	0.091198	0.003377	0.154184	-0.387221	-0.006916	0.310462	0.080307	0.090725	-0.139068	-0.30621	0.08371	-0.11202	-0.012087	-0.06544	-0.197952	0.174551	
0.14152	0.122011	0.246816	0.15411	0.241558	0.234508	0.17833	0.079594	0.073083	-0.256982	-0.012223	0.141863	-0.217145	0.152617	0.249175	-0.010165	0.225392	-0.069449	-0.343258	-0.143068	-0.165126	-0.156646	0.097323	0.050291	-0.055909	0.164443	-0.168644	0.143648	-0.16932	-0.185128	0.116275	-0.08738	0.164852	-0.114383	-0.003678	0.136984	-0.014378	0.077632	0.122294	0.057911	
0.077606	-0.116659	-0.000977	-0.066057	0.007444	0.074954	-0.122653	-0.198298	-0.07619	-0.111717	0.320537	0.280399	-0.007817	-0.058805	-0.137506	0.276072	0.004307	-0.090272	-0.099716	-0.368304	0.018892	0.011167	-0.152063	-0.079124	0.055111	-0.105114	0.153175	0.060984	-0.193597	0.149891	-0.044629	0.152468	-0.123821	0.034809	-0.08414	-0.275582	-0.228787	0.255434	0.185841	0.236424	
0.205588	-0.21844	0.085334	0.212369	-0.140261	0.062172	0.122676	-0.18922	0.058418	0.207659	0.123433	-0.219363	0.355803	-0.204187	0.132839	-0.142842	0.145889	0.001134	0.069133	-0.091118	-0.026181	-0.317177	0.090687	0.16702	0.082042	0.080537	-0.124014	0.028762	-0.121682	0.316596	0.081665	0.016974	-0.006464	-0.01193	0.123722	0.025142	0.198877	-0.025736	-0.006201	0.295709	
-0.192108	0.03333	-0.065637	0.101064	0.214721	-0.150399	-0.125879	-0.027637	-0.01605	-0.238923	-0.167637	-0.131753	0.281488	0.281841	-0.314918	0.032294	0.066703	0.011374	-0.035379	-0.200523	0.07765	-0.064626	0.144289	0.116418	0.021362	0.262518	-0.212903	-0.041069	0.037795	0.178675	0.16641	-0.290533	-0.002486	0.123383	-0.146278	-0.296781	-0.036879	0.079652	-0.098263	-0.0769	
-0.143569	0.214526	0.059582	-0.03443	-0.23411	-0.27488	-0.017849	-0.348076	0.157754	0.035232	0.108986	0.0104	-0.068547	-0.125808	0.112886	0.101676	0.068719	0.019378	0.057502	-0.008285	-0.268097	-0.112935	0.025176	-0.052715	0.010472	-0.116311	0.106766	-0.233578	-0.33991	-0.223749	0.2571	-0.350297	-0.055187	-0.0369	-0.095306	-0.106831	0.112713	-0.015607	-0.024226	-0.161576	
-0.094121	-0.17786	0.029456	-0.034911	-0.253703	-0.107331	0.300828	-0.201979	-0.259691	-0.089857	-0.002536	0.102451	-0.223153	0.125965	0.052701	0.155006	0.261963	0.074751	-0.079784	0.000722	0.03168	-0.017924	-0.052156	-0.245203	-0.05512	0.300977	-0.102641	-0.14471	0.101694	0.160373	-0.056068	0.153441	0.025939	0.301186	-0.004997	-0.045058	0.110703	-0.34728	0.081567	-0.078784	
-0.384651	-0.100058	0.347653	-0.113148	-0.063022	0.028682	6.2e-05	0.110113	-0.023039	-0.08837	0.258587	0.065515	-0.002846	0.331347	0.200836	-0.081467	-0.049991	0.16973	0.224395	-0.163315	-0.004386	-0.092966	0.222311	0.166742	-0.006376	-0.239021	0.177896	0.167789	0.061289	0.010091	-0.188922	-0.036988	0.081889	0.059037	-0.11678	-0.050406	0.115062	-0.118462	-0.174722	0.137471	
